34.74837, 137.7198
34.74835, 137.72019
34.74837, 137.72025
34.74838, 137.72034
34.74852, 137.72091
34.74858, 137.721
34.74869, 137.72114
34.74954, 137.72189
34.7497, 137.72208
34.74984, 137.72233
34.74992, 137.72252
34.74996, 137.72265
34.74998, 137.72275
34.75001, 137.72284
34.75018, 137.72364
34.75135, 137.72334
34.75136, 137.72334
34.75231, 137.72311
34.75244, 137.72309
34.75454, 137.72258
34.75463, 137.72255
34.75671, 137.72207
34.75773, 137.72186
34.75902, 137.72155
34.75934, 137.72146
34.76143, 137.72097
34.76228, 137.72073
34.76238, 137.72071
34.76269, 137.72062
34.76275, 137.72059
34.76285, 137.72057
34.76299, 137.7205
34.763, 137.7205
34.76321, 137.72038
34.76339, 137.7203
34.76475, 137.71947
34.76485, 137.71942
34.76489, 137.71939
34.76514, 137.71925
34.7653, 137.71914
34.76685, 137.71821
34.76693, 137.71817
34.7676, 137.71776
34.76763, 137.71775
34.76826, 137.71737
34.7684, 137.71727
34.77013, 137.71624
34.77024, 137.71616
34.77198, 137.71512
34.772, 137.7151
34.77346, 137.71423
34.77353, 137.71418
34.77387, 137.71398
34.77394, 137.71393
34.77535, 137.71308
34.7754, 137.71304
34.77652, 137.71238
34.7767, 137.71226
34.77988, 137.71035
34.77995, 137.7103
34.79012, 137.70417
34.79018, 137.70414
34.79233, 137.70284
34.79237, 137.70281
34.79245, 137.70277
34.80084, 137.69771
34.80085, 137.6977
34.80199, 137.69701
34.80215, 137.6969
34.8023, 137.69677
34.80233, 137.69673
34.80243, 137.69663
34.8026, 137.69642
34.80279, 137.69613
34.80291, 137.69588
34.80325, 137.69495
34.80337, 137.69468
34.80346, 137.69451
34.80355, 137.69437
34.80474, 137.69281
34.80502, 137.69248
34.80519, 137.69221
34.80535, 137.69187
34.80541, 137.69172
34.80559, 137.69118
34.80575, 137.68994
34.80577, 137.68985
34.80578, 137.68973
34.80589, 137.68929
34.80599, 137.689
34.80605, 137.68888
34.80609, 137.68878
34.80625, 137.68849
34.80634, 137.68835
34.80658, 137.68804
34.8069, 137.68773
34.80772, 137.68713
34.80737, 137.68392
34.80725, 137.68218
34.80724, 137.68212
34.80712, 137.68023
34.80711, 137.6802
34.8068, 137.67866
34.80665, 137.67632
34.80665, 137.67617
34.80664, 137.6761
34.80665, 137.676
34.80665, 137.67592
34.80666, 137.67588
34.80666, 137.67586
34.80669, 137.67566
34.8067, 137.67563
34.80673, 137.67545
34.80678, 137.67524
34.80678, 137.67523
34.80698, 137.67429
34.80698, 137.67425
34.807, 137.67418
34.807, 137.67412
34.80701, 137.67407
34.80699, 137.67343
34.80618, 137.65929
34.80617, 137.65927
34.80617, 137.65925
34.80613, 137.65921
34.80612, 137.65919
34.8061, 137.65918
34.80608, 137.65918
34.80606, 137.65917
34.80546, 137.65921
34.80536, 137.65923
34.80468, 137.65928
34.80468, 137.65927
34.80466, 137.65927
34.80456, 137.65917
34.80463, 137.6591
34.80474, 137.65897
34.80538, 137.65843
34.80542, 137.65841
34.80568, 137.65818
34.80691, 137.65719
34.80713, 137.65698
34.80702, 137.6568
34.80696, 137.65668
34.80694, 137.65662
34.80692, 137.65658
34.8069, 137.65646
34.80657, 137.65046
34.80654, 137.65035
34.80648, 137.65024
34.80644, 137.65019
34.80637, 137.65013
34.80514, 137.64927
34.8051, 137.64923
34.80507, 137.64921
34.80505, 137.64918
34.80502, 137.64915
34.80496, 137.64907
34.80377, 137.64715
34.80366, 137.64694
34.80362, 137.64689
34.8036, 137.64684
34.80283, 137.64536
34.8028, 137.64527
34.80277, 137.64512
34.80237, 137.64228
34.80237, 137.64225
34.80197, 137.6395
34.80117, 137.63623
34.80116, 137.63613
34.80116, 137.63598
34.80118, 137.63587
34.8012, 137.63581
34.80128, 137.63568
34.80205, 137.63479
34.80212, 137.63468
34.80216, 137.63457
34.80219, 137.63441
34.80216, 137.63408
34.80215, 137.63403
34.80213, 137.63377
34.80212, 137.63374
34.8021, 137.63351
34.80202, 137.63311
34.80179, 137.63231
34.80172, 137.63215
34.80166, 137.63198
34.8015, 137.63166
34.80149, 137.63163
34.80094, 137.6305
34.8008, 137.63007
34.80077, 137.63
34.80071, 137.62978
34.80068, 137.6297
34.80067, 137.62961
34.80062, 137.6294
34.8006, 137.62925
34.80058, 137.62894
34.80058, 137.6287
34.80057, 137.62856
34.80059, 137.62822
34.80064, 137.62791
34.80069, 137.62768
34.80075, 137.62748
34.80091, 137.62717
34.80111, 137.62687
34.80133, 137.62665
34.8017, 137.62632
34.80175, 137.62625
34.80179, 137.62621
34.8019, 137.62602
34.80199, 137.62575
34.80214, 137.62506
34.80215, 137.62498
34.80219, 137.62479
34.80223, 137.62434
34.80224, 137.62432
34.80224, 137.62386
34.80223, 137.62375
34.80223, 137.62365
34.80218, 137.62323
34.80208, 137.62277
34.80208, 137.62276
34.80156, 137.62036
34.80154, 137.62033
34.80154, 137.62031
34.80148, 137.62017
34.80138, 137.62002
34.80133, 137.61996
34.80116, 137.6198
34.80079, 137.61954
34.80044, 137.61935
34.79921, 137.61883
34.79897, 137.61875
34.79889, 137.61874
34.7988, 137.61874
34.79875, 137.61875
34.79858, 137.61881
34.79852, 137.61885
34.79843, 137.61894
34.79839, 137.61899
34.79826, 137.61923
34.79814, 137.61952
34.79812, 137.61955
34.79811, 137.61958
34.79809, 137.61962
34.79805, 137.61967
34.798, 137.61975
34.79796, 137.6198
34.79783, 137.6199
34.79775, 137.61994
34.79753, 137.62002
34.79631, 137.62031
34.79595, 137.62035
34.7954, 137.62036
34.79534, 137.62035
34.79529, 137.62035
34.79512, 137.62032
34.79497, 137.62026
34.79489, 137.6202
34.79484, 137.62014
34.79478, 137.62009
34.79472, 137.62001
34.79469, 137.61999
34.79449, 137.61972
34.79441, 137.61964
34.79437, 137.61959
34.79367, 137.61902
34.79355, 137.6189
34.79338, 137.61865
34.79329, 137.61847
34.79319, 137.61822
34.79301, 137.61768
34.79295, 137.61743
34.79295, 137.61736
34.79294, 137.6173
34.79294, 137.61715
34.79297, 137.61694
34.793, 137.61686
34.79303, 137.6168
34.79305, 137.61674
34.79308, 137.61668
34.79332, 137.6163
34.79336, 137.61622
34.79337, 137.61621
34.79339, 137.61615
34.79341, 137.61611
34.79343, 137.61601
34.79343, 137.61598
34.79344, 137.61593
34.79344, 137.61583
34.79343, 137.6158
34.79343, 137.61576
34.79341, 137.61567
34.79334, 137.61553
34.79328, 137.61544
34.79322, 137.61537
34.79294, 137.61511
34.79285, 137.61504
34.79268, 137.61494
34.7926, 137.61491
34.7921, 137.61468
34.79202, 137.61465
34.7919, 137.61459
34.79178, 137.6145
34.79162, 137.61434
34.79157, 137.61424
34.79156, 137.61424
34.79144, 137.61395
34.79136, 137.61366
34.79135, 137.61353
34.79134, 137.61352
34.79132, 137.61339
34.79122, 137.61315
34.79119, 137.61312
34.79115, 137.61305
34.79096, 137.61287
34.79005, 137.61219
34.78993, 137.61208
34.78903, 137.61137
34.78893, 137.61127
34.78845, 137.61058
34.78837, 137.61043
34.78836, 137.61042
34.78828, 137.61023
34.78824, 137.61006
34.78823, 137.61004
34.78823, 137.61002
34.78822, 137.60997
34.78821, 137.60981
34.78823, 137.6096
34.78827, 137.60943
34.78834, 137.60926
34.78844, 137.60908
34.78877, 137.60869
34.7889, 137.60851
34.78898, 137.60834
34.78904, 137.60817
34.78907, 137.60801
34.78907, 137.60797
34.78908, 137.60793
34.78908, 137.60775
34.78906, 137.60761
34.78904, 137.60755
34.78902, 137.60746
34.78895, 137.60729
34.78884, 137.60711
34.7888, 137.60706
34.78837, 137.60666
34.78823, 137.60649
34.78811, 137.60626
34.78807, 137.60608
34.78805, 137.6059
34.78805, 137.60579
34.78806, 137.60571
34.78811, 137.60547
34.78822, 137.60523
34.78844, 137.60487
34.78852, 137.60467
34.78854, 137.6046
34.78857, 137.60443
34.78857, 137.6042
34.78855, 137.60388
34.78855, 137.6037
34.78856, 137.60356
34.78858, 137.60346
34.78874, 137.60292
34.78878, 137.60273
34.78877, 137.60213
34.78878, 137.60202
34.78878, 137.60192
34.78895, 137.60101
34.78905, 137.60057
34.78907, 137.60053
34.78925, 137.60006
34.78931, 137.59993
34.78939, 137.59969
34.78946, 137.59939
34.78948, 137.59924
34.78948, 137.59915
34.78949, 137.59909
34.78949, 137.59906
34.78948, 137.59903
34.78948, 137.59895
34.78947, 137.59884
34.78945, 137.59878
34.78944, 137.5987
34.78937, 137.59847
34.78909, 137.59786
34.78901, 137.59766
34.78899, 137.59758
34.78897, 137.59753
34.78897, 137.59749
34.78895, 137.59742
34.78895, 137.59741
34.78894, 137.59737
34.78894, 137.59733
34.78893, 137.59725
34.78892, 137.59722
34.78888, 137.59591
34.78889, 137.59586
34.78889, 137.5958
34.78891, 137.59574
34.78894, 137.59561
34.78896, 137.59557
34.78899, 137.59547
34.78919, 137.59506
34.78927, 137.59478
34.78929, 137.59459
34.78928, 137.59441
34.78924, 137.59417
34.78917, 137.59399
34.78911, 137.59388
34.78905, 137.59379
34.78902, 137.59377
34.78895, 137.59368
34.78844, 137.59322
34.7883, 137.59307
34.78824, 137.59299
34.78822, 137.59294
34.7882, 137.59291
34.78819, 137.59287
34.78817, 137.59284
34.78813, 137.59266
34.78813, 137.5925
34.7882, 137.5916
34.78824, 137.59135
34.78826, 137.59129
34.78829, 137.59115
34.78831, 137.59111
34.78833, 137.59104
34.78839, 137.5909
34.78847, 137.59076
34.78848, 137.59075
34.78868, 137.5904
34.78878, 137.59045
34.78881, 137.59046
34.78885, 137.59048
34.78893, 137.5905
34.78921, 137.59061
34.78933, 137.59019
34.78939, 137.59003
34.78947, 137.58973
34.78959, 137.58976
34.78963, 137.58976
34.78964, 137.58977
34.78965, 137.58977
34.78966, 137.58978
34.78969, 137.5898
34.78971, 137.58983
34.78979, 137.5899
34.79, 137.59012
34.79022, 137.59029
34.79041, 137.59037
34.79042, 137.59038
34.79089, 137.5906
34.79096, 137.59066
34.79112, 137.59077
34.79117, 137.59082
34.79117, 137.59083
34.79119, 137.59087
34.79119, 137.59094
34.7912, 137.59095
34.7912, 137.59097
34.79121, 137.59099
34.79121, 137.59101
34.79123, 137.59105
34.79127, 137.59108
34.7913, 137.59111
34.79137, 137.59115
34.79138, 137.59116
34.79143, 137.59119
34.79145, 137.59121
34.79146, 137.59123
34.79147, 137.59123
34.79149, 137.59127
34.79151, 137.59129
34.79153, 137.59133
34.79153, 137.59134
34.79154, 137.59136
34.79154, 137.59138
34.79155, 137.59139
34.79155, 137.59156
34.79152, 137.59165
34.79151, 137.5917
34.79151, 137.59185
34.79152, 137.59189
34.79153, 137.59191
34.79153, 137.59194
34.79157, 137.59202
34.79159, 137.59203
34.79161, 137.59205
34.79163, 137.59206
34.79174, 137.59214
34.79178, 137.59218
34.79179, 137.5922
34.79181, 137.59222
34.79182, 137.59225
34.79183, 137.59226
34.79183, 137.59229
34.79184, 137.59231
34.79184, 137.59235
34.79183, 137.59236
34.79183, 137.59237
34.7918, 137.5924
34.79176, 137.59243
34.79165, 137.59248
34.7916, 137.59248
34.79155, 137.59246
34.79154, 137.59245
34.79152, 137.59244
34.7915, 137.59242
34.79149, 137.5924
34.79148, 137.59239
34.79145, 137.59234
34.79139, 137.59221
34.79137, 137.59214
34.79133, 137.59204
34.79119, 137.59176
34.79116, 137.59173
34.79112, 137.59166
34.79083, 137.59149
34.7908, 137.59146
34.79071, 137.59141
34.79064, 137.59136
34.79063, 137.59136
34.79055, 137.59132
34.79026, 137.59122
34.79014, 137.5912
34.79007, 137.5912
34.79002, 137.59122
34.78998, 137.59126
34.78995, 137.59128
34.78991, 137.59132
34.78989, 137.59135
34.78988, 137.59138
34.78986, 137.59141
34.78975, 137.59151
34.78963, 137.59158
34.78959, 137.59162
34.78958, 137.59162
34.78957, 137.59163
34.78956, 137.59165
34.78955, 137.59166
34.78955, 137.59168
34.78954, 137.59169
34.78954, 137.59174
34.78955, 137.59176
34.78955, 137.59178
34.78956, 137.59181
34.7896, 137.59186
34.78969, 137.59201
34.78971, 137.59203
34.78974, 137.59208
34.78976, 137.59213
34.78979, 137.59218
34.7898, 137.59222
34.78982, 137.59226
34.78985, 137.59236
34.78989, 137.59244
34.78991, 137.59247
34.78993, 137.59248
34.78996, 137.59251
34.79002, 137.59254
34.79003, 137.59255
34.79019, 137.59261
34.7902, 137.59261
34.79033, 137.59268
34.79035, 137.59271
34.79036, 137.59272
34.79038, 137.59275
34.7904, 137.59277
34.79042, 137.5928
34.79043, 137.59283
34.79045, 137.59286
34.79047, 137.59288
34.79048, 137.5929
34.79056, 137.593
34.79074, 137.59317
34.79092, 137.59336
34.79094, 137.59337
34.79095, 137.59338
34.79097, 137.59339
34.79099, 137.59339
34.79152, 137.59317
34.79159, 137.59313
34.79161, 137.59311
34.79165, 137.59309
34.79169, 137.59308
34.79171, 137.59307
34.79172, 137.59307
34.79174, 137.59308
34.79175, 137.59308
34.79178, 137.59311
34.79178, 137.59312
34.7918, 137.59314
34.79185, 137.59328
34.79186, 137.59333
34.7919, 137.5934
34.79193, 137.59343
34.79194, 137.59343
34.79195, 137.59344
34.79196, 137.59344
34.79198, 137.59345
34.79199, 137.59346
34.79206, 137.59346
34.79208, 137.59345
34.7921, 137.59345
34.79212, 137.59344
34.79213, 137.59343
34.79218, 137.5934
34.79233, 137.59326
34.79241, 137.59316
34.79242, 137.59316
34.79252, 137.59302
34.7926, 137.59293
34.79268, 137.59287
34.79268, 137.59286
34.79278, 137.59279
34.79295, 137.59263
34.79296, 137.59261
34.79297, 137.5926
34.79297, 137.59259
34.79298, 137.59257
34.79297, 137.59216
34.79298, 137.59215
34.79298, 137.59213
34.79299, 137.59212
34.793, 137.5921
34.79302, 137.59209
34.79303, 137.59208
34.79305, 137.59208
34.79308, 137.59207
34.79324, 137.5921
34.79345, 137.59218
34.79356, 137.59224
34.79359, 137.59227
34.79364, 137.59234
34.79369, 137.5925
34.79369, 137.59275
34.7937, 137.59278
34.79371, 137.59279
34.79372, 137.59281
34.79373, 137.59282
34.79374, 137.59284
34.79384, 137.59292
34.79392, 137.593
34.79394, 137.59303
34.79397, 137.59306
34.79399, 137.59307
34.79401, 137.59309
34.79406, 137.59309
34.79409, 137.59306
34.7941, 137.59287
34.79411, 137.59283
34.79411, 137.59281
34.79417, 137.5926
34.79426, 137.5924
34.79427, 137.59239
34.79428, 137.59237
34.79429, 137.59236
34.79431, 137.59235
34.79433, 137.59233
34.79441, 137.59228
34.79455, 137.59217
34.79443, 137.59161
34.79443, 137.59154
34.79445, 137.59149
34.79446, 137.59148
34.79448, 137.59145
34.79451, 137.59142
34.79452, 137.5914
34.79452, 137.59139
34.79454, 137.59137
34.79455, 137.59134
34.79458, 137.59128
34.79459, 137.59124
34.79459, 137.59122
34.7946, 137.59121
34.7946, 137.59111
34.79459, 137.59108
34.79443, 137.59076
34.79441, 137.5907
34.79441, 137.59065
34.79442, 137.59062
34.79442, 137.59061
34.79443, 137.59059
34.79443, 137.59056
34.79449, 137.59046
34.7945, 137.59041
34.79454, 137.59031
34.79455, 137.59021
34.79455, 137.58999
34.79452, 137.58982
34.79451, 137.58979
34.79451, 137.58977
34.7945, 137.58975
34.79443, 137.58967
34.79442, 137.58965
34.7944, 137.58963
34.79437, 137.58957
34.79437, 137.58955
34.79435, 137.58948
34.79435, 137.5894
34.79434, 137.58935
34.79434, 137.58921
34.79435, 137.58916
34.79435, 137.58912
34.79436, 137.58908
34.79438, 137.58904
34.79443, 137.58898
34.79456, 137.58887
34.79471, 137.58878
34.79473, 137.58876
34.79475, 137.58873
34.79476, 137.58873
34.79477, 137.5887
34.79479, 137.58866
34.79479, 137.58858
34.79478, 137.58856
34.79478, 137.58852
34.79477, 137.58851
34.79477, 137.58849
34.79471, 137.58836
34.79468, 137.58832
34.79455, 137.58819
34.79451, 137.58814
34.79448, 137.58808
34.79444, 137.58789
34.79444, 137.58784
34.79443, 137.58776
34.79444, 137.58769
34.79444, 137.58764
34.79445, 137.58762
34.79445, 137.5876
34.79448, 137.58754
34.79459, 137.58743
34.79474, 137.5873
34.79472, 137.58713
34.7947, 137.58662
34.79471, 137.58654
34.79473, 137.58648
34.79476, 137.58635
34.79478, 137.5863
34.79491, 137.58582
34.79492, 137.58574
34.79492, 137.58568
34.79491, 137.58567
34.79491, 137.58566
34.7949, 137.58565
34.79489, 137.58563
34.79483, 137.58555
34.79444, 137.58518
34.79427, 137.58496
34.79399, 137.58449
34.79399, 137.58447
34.79397, 137.58445
34.79397, 137.58444
34.79396, 137.58442
34.79396, 137.5844
34.79395, 137.58437
34.79395, 137.58434
34.79397, 137.58426
34.79383, 137.58424
34.79378, 137.58422
34.79377, 137.58422
34.79373, 137.5842
34.79366, 137.58418
34.79357, 137.58412
34.79351, 137.58409
34.79341, 137.58401
34.79337, 137.58396
34.79329, 137.58388
34.79282, 137.58326
34.79281, 137.58326
34.79269, 137.58316
34.79267, 137.58315
34.79262, 137.58311
34.79254, 137.58307
34.79207, 137.58289
34.792, 137.58285
34.79239, 137.5816
34.79243, 137.58144
34.79244, 137.58143
34.79247, 137.5813
34.79247, 137.58129
34.79257, 137.5809
34.79274, 137.57982
34.79275, 137.57971
34.79278, 137.57956
34.7928, 137.57939
34.79285, 137.57914
34.79288, 137.57904
34.79288, 137.57903
34.79289, 137.57901
34.79317, 137.57808
34.79322, 137.57797
34.7933, 137.57785
34.79346, 137.57769
34.79441, 137.57684
34.79456, 137.57665
34.79465, 137.57646
34.79469, 137.57635
34.79508, 137.57496
34.79509, 137.57495
34.79528, 137.57426
34.79554, 137.57266
34.79555, 137.57263
34.79556, 137.57257
34.79557, 137.57254
34.79557, 137.57251
34.79562, 137.5724
34.79567, 137.57226
34.79569, 137.57224
34.79572, 137.57219
34.79601, 137.57184
34.79601, 137.57183
34.79603, 137.57182
34.79614, 137.57173
34.79615, 137.57171
34.79621, 137.57164
34.79627, 137.57153
34.79706, 137.56939
34.79709, 137.56926
34.79711, 137.56908
34.79711, 137.56902
34.7971, 137.56893
34.7971, 137.56886
34.79709, 137.5688
34.79703, 137.56858
34.79695, 137.56838
34.79675, 137.56804
34.79672, 137.568
34.79657, 137.5677
34.79657, 137.56767
34.79655, 137.56764
34.79654, 137.56758
34.79652, 137.56751
34.79652, 137.56749
34.79647, 137.5672
34.79645, 137.567
34.79645, 137.56653
34.79643, 137.56618
34.79643, 137.5659
34.79642, 137.56578
34.79645, 137.56546
34.79656, 137.56505
34.79682, 137.5644
34.79683, 137.56439
34.797, 137.56387
34.79707, 137.56348
34.79709, 137.56341
34.79712, 137.56323
34.79719, 137.56295
34.79728, 137.56275
34.79735, 137.56264
34.79758, 137.56242
34.79785, 137.56231
34.79799, 137.56227
34.79828, 137.56222
34.79835, 137.5622
34.79867, 137.56214
34.7989, 137.56207
34.79913, 137.56196
34.79924, 137.56186
34.79929, 137.56178
34.7994, 137.56155
34.7994, 137.56154
34.79995, 137.56022
34.79997, 137.56019
34.80068, 137.55851
34.80069, 137.55847
34.80082, 137.55817
34.80088, 137.55808
34.801, 137.55794
34.80102, 137.55791
34.80106, 137.55788
34.80109, 137.55785
34.80144, 137.55757
34.80162, 137.5574
34.80162, 137.55739
34.80163, 137.55737
34.80181, 137.55714
34.80181, 137.55713
34.80185, 137.55705
34.80187, 137.55703
34.80198, 137.55682
34.80212, 137.5569
34.8022, 137.55696
34.80232, 137.557
34.80244, 137.55702
34.80287, 137.55704
34.803, 137.55707
34.80314, 137.55715
34.80324, 137.55722
34.80343, 137.55732
34.80343, 137.55733
34.80373, 137.55749
34.80378, 137.55751
34.80392, 137.55759
34.80394, 137.55761
34.80408, 137.55769
34.8041, 137.55771
34.80411, 137.55771
34.80413, 137.55772
34.80414, 137.55772
34.80415, 137.55771
34.8042, 137.55769
34.80423, 137.55767
34.80458, 137.55725
34.80469, 137.5571
34.80499, 137.55676
34.80505, 137.55671
34.80518, 137.55658
34.80557, 137.55629
34.80567, 137.55619
34.80571, 137.55613
34.80575, 137.55605
34.80576, 137.55604
34.80581, 137.55589
34.80583, 137.55578
34.80584, 137.55565
34.80584, 137.55553
34.80588, 137.55489
34.80591, 137.5547
34.80594, 137.55457
34.8061, 137.55408
34.80614, 137.55398
34.80617, 137.55388
34.80617, 137.55387
34.8062, 137.55376
34.80621, 137.55367
34.80622, 137.55363
34.8063, 137.553
34.80651, 137.55173
34.80685, 137.55181
34.8069, 137.55183
34.80699, 137.55184
34.80786, 137.55186
34.80824, 137.55191
34.80834, 137.55194
34.80847, 137.55196
34.80853, 137.55196
34.80888, 137.55191
34.80898, 137.55188
34.80904, 137.55187
34.80921, 137.55182
34.80925, 137.5518
34.80931, 137.55178
34.80995, 137.55165
34.81005, 137.55162
34.81014, 137.55158
34.8102, 137.55154
34.81044, 137.55133
34.81142, 137.55036
34.81172, 137.55013
34.81245, 137.54962
34.81247, 137.5496
34.81259, 137.54952
34.8126, 137.54951
34.81273, 137.54942
34.81328, 137.54909
34.8133, 137.54907
34.81379, 137.5488
34.8142, 137.5486
34.8143, 137.54854
34.81445, 137.54843
34.81452, 137.5485
34.81461, 137.54857
34.81573, 137.54926
34.81576, 137.54927
34.81577, 137.54927
34.8158, 137.54929
34.8159, 137.54931
34.81596, 137.54933
34.8161, 137.54934
34.81611, 137.54935
34.81629, 137.54937
34.81635, 137.54937
34.8164, 137.54939
34.81666, 137.54945
34.81713, 137.54962
34.81745, 137.54971
34.81781, 137.54977
34.81788, 137.54981
34.81793, 137.54983
34.81799, 137.54987
34.81809, 137.54997
34.81813, 137.55003
34.81819, 137.55009
34.81826, 137.55022
34.81858, 137.55072
34.81867, 137.55082
34.81878, 137.5509
34.81887, 137.55094
34.81891, 137.55094
34.81897, 137.55095
34.81903, 137.55095
34.81908, 137.55094
34.81917, 137.5509
34.81929, 137.55081
34.81954, 137.55059
34.81962, 137.55055
34.81966, 137.55052
34.82049, 137.55016
34.82076, 137.55006
34.82098, 137.55
34.82105, 137.54999
34.82109, 137.54999
34.82115, 137.54998
34.82177, 137.55006
34.82184, 137.55006
34.822, 137.55009
34.82223, 137.55011
34.82363, 137.55014
34.82367, 137.55015
34.82371, 137.55015
34.82376, 137.55018
34.82376, 137.55019
34.82377, 137.5502
34.82427, 137.55112
34.82431, 137.55123
34.82433, 137.55131
34.82436, 137.55153
34.82471, 137.55154
34.82478, 137.55155
34.82545, 137.55157
34.82549, 137.55158
34.8256, 137.55159
34.82586, 137.55166
34.82595, 137.5517
34.82632, 137.55183
34.82637, 137.55186
34.82654, 137.55192
34.82666, 137.55199
34.82671, 137.55201
34.82705, 137.55223
34.8281, 137.55297
34.82817, 137.55303
34.82824, 137.55307
34.82827, 137.5531
34.82837, 137.55318
34.82842, 137.55323
34.82859, 137.55346
34.82868, 137.5536
34.82875, 137.55367
34.82879, 137.5537
34.82896, 137.55379
34.82899, 137.5538
34.82903, 137.55382
34.82922, 137.55389
34.82942, 137.55399
34.82943, 137.55399
34.82946, 137.55401
34.82956, 137.55405
34.82963, 137.55409
34.82974, 137.55413
34.82981, 137.55417
34.82982, 137.55418
34.82994, 137.55425
34.83088, 137.5549
34.8312, 137.5551
34.83248, 137.55573
34.83258, 137.55577
34.83265, 137.55579
34.83268, 137.55579
34.83278, 137.55576
34.83286, 137.55572
34.83322, 137.55543
34.83352, 137.55521
34.83363, 137.55516
34.83372, 137.55516
34.83377, 137.55517
34.83379, 137.55517
34.83383, 137.55519
34.83386, 137.5552
34.83389, 137.55523
34.83398, 137.5553
34.834, 137.55533
34.83494, 137.55634
34.83502, 137.5564
34.83505, 137.55643
34.83518, 137.55651
34.8359, 137.55683
34.83604, 137.55693
34.83611, 137.557
34.83621, 137.55712
34.83623, 137.55716
34.83629, 137.55725
34.83631, 137.5573
34.83636, 137.55755
34.83636, 137.55758
34.83641, 137.55776
34.83642, 137.55777
34.83644, 137.55783
34.83648, 137.55791
34.83649, 137.55794
34.83653, 137.558
34.83654, 137.55803
34.83656, 137.55806
34.83662, 137.55813
34.83666, 137.55819
34.83686, 137.55843
34.8369, 137.55847
34.83694, 137.5585
34.83697, 137.55853
34.837, 137.55855
34.83708, 137.55859
34.83712, 137.55862
34.83718, 137.55864
34.83719, 137.55864
34.83722, 137.55865
34.83731, 137.55865
34.83734, 137.55864
34.83736, 137.55864
34.83742, 137.5586
34.83756, 137.55846
34.83763, 137.55837
34.83768, 137.55832
34.83771, 137.55828
34.83776, 137.55819
34.83779, 137.55816
34.83782, 137.55811
34.83784, 137.55806
34.83787, 137.55801
34.83793, 137.55785
34.83794, 137.5578
34.83796, 137.55774
34.83798, 137.55765
34.83798, 137.55755
34.83799, 137.55745
34.83798, 137.55698
34.83795, 137.55681
34.83791, 137.55667
34.83784, 137.55648
34.83767, 137.55614
34.83766, 137.55608
34.83764, 137.55601
34.83764, 137.55592
34.83765, 137.55588
34.83766, 137.55579
34.83767, 137.55576
34.83769, 137.55573
34.83772, 137.55566
34.83781, 137.55551
34.83786, 137.5554
34.83786, 137.55539
34.8379, 137.55526
34.83791, 137.55519
34.83792, 137.55476
34.83794, 137.55468
34.83795, 137.55461
34.83803, 137.55441
34.83806, 137.55436
34.83806, 137.55435
34.83821, 137.55409
34.83828, 137.55389
34.83832, 137.55369
34.83833, 137.5533
34.83837, 137.55291
34.83838, 137.55289
34.8384, 137.55277
34.83845, 137.55261
34.83852, 137.55243
34.83862, 137.55211
34.83872, 137.55162
34.83872, 137.5516
34.83873, 137.55157
34.83875, 137.55153
34.83875, 137.55152
34.83876, 137.5515
34.83883, 137.55146
34.83884, 137.55145
34.8389, 137.55145
34.83892, 137.55146
34.83893, 137.55146
34.83894, 137.55147
34.83898, 137.55149
34.83899, 137.55151
34.83902, 137.55154
34.83924, 137.5519
34.83926, 137.55192
34.83926, 137.55193
34.83933, 137.55197
34.83935, 137.55197
34.83938, 137.55198
34.83941, 137.55197
34.83943, 137.55197
34.83949, 137.55194
34.83966, 137.5518
34.84016, 137.55128
34.84022, 137.55125
34.84029, 137.55125
34.84034, 137.55128
34.84035, 137.5513
34.84037, 137.55132
34.84038, 137.55137
34.84038, 137.55144
34.84025, 137.55207
34.84022, 137.5523
34.84021, 137.55232
34.84017, 137.55251
34.84017, 137.55254
34.84015, 137.55268
34.84015, 137.55276
34.84016, 137.55282
34.84019, 137.5529
34.84041, 137.5531
34.84042, 137.55312
34.84045, 137.55316
34.84046, 137.55318
34.84046, 137.55321
34.84047, 137.55324
34.84045, 137.55357
34.84046, 137.55363
34.84046, 137.55367
34.84049, 137.55374
34.84049, 137.55375
34.8405, 137.55375
34.84051, 137.55379
34.84058, 137.55389
34.84061, 137.55391
34.84072, 137.55403
34.84103, 137.55427
34.84118, 137.55434
34.84123, 137.55435
34.84126, 137.55435
34.84137, 137.5543
34.84149, 137.5542
34.84162, 137.55405
34.84165, 137.55403
34.84168, 137.55402
34.84169, 137.55401
34.8417, 137.55401
34.84173, 137.554
34.84183, 137.554
34.842, 137.55408
34.84211, 137.55415
34.84223, 137.55418
34.84226, 137.55417
34.84228, 137.55417
34.84229, 137.55416
34.84231, 137.55415
34.84233, 137.55413
34.84235, 137.5541
34.84237, 137.55405
34.84239, 137.55397
34.8424, 137.55361
34.84245, 137.55299
34.84245, 137.55276
34.84244, 137.55263
34.84244, 137.55241
34.84245, 137.55236
34.84245, 137.55231
34.84246, 137.55227
34.84248, 137.55223
34.84249, 137.55219
34.84253, 137.55212
34.84254, 137.55211
34.84256, 137.5521
34.84258, 137.55208
34.84263, 137.55206
34.84269, 137.55206
34.84276, 137.55208
34.84282, 137.55212
34.84282, 137.55213
34.84296, 137.55228
34.84317, 137.55261
34.84317, 137.55262
34.84332, 137.55304
34.84339, 137.55317
34.84353, 137.55337
34.84367, 137.55351
34.84374, 137.55355
34.84377, 137.55356
34.8438, 137.55356
34.84383, 137.55357
34.84388, 137.55357
34.84392, 137.55355
34.84393, 137.55354
34.84394, 137.55354
34.84396, 137.55352
34.84403, 137.55347
34.84407, 137.55341
34.84409, 137.5534
34.84419, 137.55329
34.84441, 137.55299
34.84445, 137.55295
34.84449, 137.5529
34.84456, 137.55286
34.84459, 137.55286
34.84464, 137.55288
34.84467, 137.55291
34.84468, 137.55293
34.84471, 137.55297
34.84474, 137.55303
34.8448, 137.55323
34.84497, 137.55394
34.84501, 137.55401
34.84504, 137.55404
34.84504, 137.55405
34.84509, 137.55408
34.84516, 137.5541
34.84522, 137.55409
34.84527, 137.55407
34.84538, 137.554
34.84539, 137.55398
34.84543, 137.55393
34.84575, 137.5534
34.84586, 137.55326
34.84611, 137.55302
34.84617, 137.55299
34.84622, 137.55299
34.84625, 137.553
34.84629, 137.55302
34.84631, 137.55304
34.84633, 137.55307
34.84638, 137.55324
34.84642, 137.55371
34.84646, 137.55401
34.84655, 137.55429
34.84658, 137.55435
34.84661, 137.55439
34.84664, 137.55442
34.84671, 137.55446
34.84675, 137.55449
34.84681, 137.5545
34.84692, 137.5545
34.84698, 137.55449
34.847, 137.55447
34.84703, 137.55445
34.84714, 137.55435
34.84722, 137.5543
34.84729, 137.55424
34.84734, 137.55421
34.84735, 137.5542
34.84738, 137.55418
34.84742, 137.55417
34.84744, 137.55418
34.84748, 137.55419
34.84752, 137.55421
34.84753, 137.55422
34.84763, 137.55441
34.84778, 137.55465
34.84786, 137.55473
34.84809, 137.5549
34.84819, 137.55496
34.84834, 137.55511
34.84839, 137.55518
34.84841, 137.5552
34.84844, 137.55521
34.84848, 137.55523
34.84851, 137.55524
34.8486, 137.55524
34.84865, 137.55522
34.84879, 137.55518
34.84917, 137.55503
34.84924, 137.55501
34.84957, 137.55477
34.84968, 137.5547
34.84974, 137.55467
34.85003, 137.55464
34.85012, 137.55462
34.85014, 137.55461
34.8505, 137.55453
34.85071, 137.55452
34.85074, 137.55453
34.8511, 137.5546
34.85171, 137.55475
34.85176, 137.55475
34.85203, 137.55479
34.85209, 137.55481
34.85217, 137.55485
34.85225, 137.55496
34.85233, 137.55509
34.85236, 137.55516
34.85266, 137.55561
34.85274, 137.55567
34.85292, 137.55577
34.853, 137.55583
34.8531, 137.55592
34.85313, 137.55596
34.85342, 137.55625
34.85346, 137.55628
34.85415, 137.55691
34.85428, 137.55701
34.85444, 137.55716
34.85451, 137.55721
34.8546, 137.5573
34.85471, 137.55746
34.85481, 137.5577
34.85483, 137.55772
34.85485, 137.55775
34.85514, 137.55797
34.85518, 137.55798
34.85518, 137.55799
34.85521, 137.558
34.85523, 137.558
34.85525, 137.55801
34.85532, 137.55801
34.85535, 137.558
34.8554, 137.558
34.85565, 137.55794
34.85575, 137.55794
34.8558, 137.55795
34.85585, 137.55797
34.85589, 137.55798
34.8559, 137.55799
34.85592, 137.558
34.85641, 137.55851
34.8568, 137.55903
34.85713, 137.55953
34.85724, 137.55972
34.8573, 137.55985
34.85736, 137.56003
34.85737, 137.56009
34.85738, 137.56012
34.85738, 137.56013
34.8574, 137.56018
34.85742, 137.56029
34.85742, 137.56034
34.85744, 137.56045
34.85744, 137.56049
34.85745, 137.56057
34.85745, 137.56077
34.85747, 137.56097
34.85748, 137.56101
34.85748, 137.56108
34.85749, 137.56112
34.85749, 137.56115
34.85751, 137.56123
34.85753, 137.56127
34.85754, 137.56131
34.85759, 137.5614
34.85762, 137.56144
34.85762, 137.56145
34.85766, 137.56154
34.85768, 137.56161
34.85768, 137.56164
34.85769, 137.56171
34.85768, 137.56187
34.85766, 137.56199
34.85764, 137.56206
34.85761, 137.56213
34.85744, 137.5623
34.85737, 137.56239
34.85731, 137.56254
34.8573, 137.56261
34.8573, 137.56272
34.85743, 137.56319
34.85745, 137.56324
34.85748, 137.56338
34.85753, 137.56353
34.85758, 137.56365
34.8576, 137.56367
34.85763, 137.56372
34.85773, 137.5638
34.85777, 137.56384
34.85792, 137.56393
34.85807, 137.56405
34.8581, 137.5641
34.85814, 137.56415
34.85841, 137.56488
34.85849, 137.56514
34.85853, 137.56535
34.85853, 137.56541
34.85854, 137.56547
34.85853, 137.56587
34.85858, 137.56617
34.85858, 137.56622
34.85868, 137.56656
34.85868, 137.5666
34.85877, 137.56709
34.85883, 137.56733
34.85888, 137.56745
34.85892, 137.56749
34.85896, 137.56751
34.85914, 137.56766
34.85918, 137.5677
34.85922, 137.5678
34.85923, 137.56786
34.85924, 137.56839
34.85926, 137.56851
34.85928, 137.56858
34.85928, 137.56861
34.85935, 137.56894
34.85939, 137.56906
34.85941, 137.56916
34.85942, 137.56918
34.8594, 137.5697
34.85941, 137.57021
34.8594, 137.57028
34.85939, 137.57031
34.85937, 137.57034
34.8593, 137.57039
34.85926, 137.57041
34.85922, 137.57041
34.85886, 137.57045
34.85881, 137.57045
34.8585, 137.5705
34.85843, 137.57053
34.85841, 137.57055
34.85838, 137.57057
34.85836, 137.5706
34.85835, 137.57061
34.85834, 137.57063
34.85834, 137.57065
34.85833, 137.57067
34.85832, 137.57072
34.85832, 137.57078
34.85834, 137.57083
34.85836, 137.57086
34.85839, 137.57089
34.85842, 137.57091
34.85844, 137.57093
34.85846, 137.57094
34.85853, 137.57096
34.85862, 137.57095
34.85871, 137.57093
34.8589, 137.57093
34.85898, 137.57095
34.85923, 137.57099
34.85931, 137.57101
34.85939, 137.57104
34.85945, 137.57107
34.85949, 137.57111
34.85956, 137.57116
34.85961, 137.57117
34.85966, 137.57117
34.85973, 137.57113
34.85978, 137.57108
34.85993, 137.57089
34.85995, 137.57085
34.85996, 137.57082
34.85996, 137.57076
34.85997, 137.57072
34.85997, 137.57064
34.85998, 137.57063
34.86, 137.57059
34.86004, 137.57056
34.86012, 137.57052
34.86017, 137.57051
34.8602, 137.57052
34.86025, 137.57055
34.86028, 137.57058
34.86032, 137.57064
34.86043, 137.57088
34.86047, 137.571
34.86048, 137.57129
34.8604, 137.57206
34.86044, 137.57225
34.86051, 137.57237
34.86056, 137.57242
34.86058, 137.57243
34.86062, 137.57246
34.86071, 137.5725
34.86138, 137.57267
34.86153, 137.57265
34.86163, 137.57259
34.86172, 137.5725
34.86174, 137.57243
34.86176, 137.57228
34.86176, 137.57221
34.8618, 137.5718
34.86182, 137.5717
34.86187, 137.57156
34.86189, 137.57153
34.86189, 137.57152
34.86192, 137.57149
34.86195, 137.57143
34.86202, 137.57144
34.86207, 137.57144
34.86213, 137.57143
34.86238, 137.57144
34.86242, 137.57146
34.8625, 137.57154
34.86251, 137.57157
34.86277, 137.57295
34.86278, 137.57304
34.86282, 137.57317
34.86283, 137.57323
34.86294, 137.5735
34.86295, 137.57351
34.86322, 137.57393
34.86324, 137.57397
34.86352, 137.57439
34.86357, 137.57444
34.86383, 137.57477
34.86384, 137.57477
34.86423, 137.57512
34.86507, 137.57596
34.86513, 137.57601
34.86559, 137.57647
34.86564, 137.57651
34.86581, 137.57669
34.86617, 137.57702
34.86637, 137.57717
34.86641, 137.57721
34.86693, 137.57752
34.867, 137.57755
34.86719, 137.57767
34.86793, 137.57808
34.86794, 137.57809
34.86812, 137.5782
34.86825, 137.57831
34.86827, 137.57834
34.86835, 137.57842
34.8686, 137.57871
34.86865, 137.57875
34.86876, 137.57882
34.86957, 137.57921
34.86963, 137.57925
34.86977, 137.5793
34.86986, 137.57936
34.87008, 137.57925
34.87019, 137.57922
34.87065, 137.57906
34.87078, 137.579
34.87096, 137.57894
34.87099, 137.57892
34.87125, 137.57886
34.8713, 137.57886
34.87137, 137.57885
34.87146, 137.57885
34.87152, 137.57886
34.87156, 137.57886
34.87186, 137.57891
34.87198, 137.57894
34.87217, 137.57897
34.87219, 137.57897
34.87222, 137.57898
34.8724, 137.57898
34.87247, 137.57899
34.87278, 137.57899
34.87296, 137.57897
34.87304, 137.57897
34.87313, 137.57896
34.87341, 137.57896
34.87379, 137.57892
34.87433, 137.5788
34.87455, 137.57879
34.87477, 137.57883
34.87487, 137.57887
34.87512, 137.579
34.87515, 137.57901
34.87547, 137.57918
34.87563, 137.57929
34.87565, 137.5793
34.87584, 137.57944
34.87606, 137.57968
34.87615, 137.5798
34.8766, 137.5803
34.8771, 137.58081
34.87727, 137.58092
34.87736, 137.58096
34.87771, 137.58115
34.87781, 137.58119
34.87816, 137.58145
34.87825, 137.58155
34.87834, 137.58163
34.87893, 137.58226
34.87898, 137.5823
34.87916, 137.58249
34.87926, 137.58261
34.87935, 137.58275
34.87946, 137.58289
34.87959, 137.5831
34.87976, 137.58341
34.87983, 137.58351
34.88004, 137.58388
34.88012, 137.584
34.88023, 137.5842
34.8803, 137.58437
34.8804, 137.58472
34.8804, 137.58475
34.88045, 137.585
34.8805, 137.58539
34.88052, 137.58546
34.88078, 137.58714
34.88082, 137.58755
34.88082, 137.58765
34.88083, 137.58774
34.88083, 137.58787
34.88084, 137.58794
34.88084, 137.58878
34.88085, 137.58881
34.88085, 137.58884
34.88086, 137.5889
34.88086, 137.58895
34.88088, 137.58902
34.88091, 137.58919
34.88096, 137.58934
34.88107, 137.5896
34.8811, 137.58965
34.88114, 137.58975
34.88151, 137.5905
34.88161, 137.59068
34.88217, 137.59185
34.88219, 137.59191
34.88236, 137.59221
34.88253, 137.59246
34.88257, 137.5925
34.8826, 137.59255
34.88272, 137.59268
34.88276, 137.59271
34.88278, 137.59272
34.88282, 137.59275
34.88288, 137.59278
34.88289, 137.59278
34.88294, 137.5928
34.88306, 137.59282
34.8831, 137.59282
34.88315, 137.59281
34.88318, 137.59281
34.88334, 137.59277
34.88341, 137.59274
34.88343, 137.59274
34.88359, 137.5927
34.8836, 137.5927
34.88369, 137.59267
34.88391, 137.59262
34.88394, 137.5926
34.88397, 137.5926
34.88497, 137.59221
34.88506, 137.59219
34.88517, 137.59219
34.8852, 137.5922
34.88522, 137.5922
34.88526, 137.59221
34.88528, 137.59222
34.88532, 137.59223
34.88543, 137.5923
34.88547, 137.59234
34.88549, 137.59237
34.88551, 137.59238
34.88552, 137.5924
34.88555, 137.59243
34.88556, 137.59246
34.88562, 137.59257
34.88563, 137.59263
34.88565, 137.59269
34.88566, 137.59274
34.88566, 137.59281
34.88567, 137.5929
34.88567, 137.59299
34.88564, 137.5933
34.88564, 137.59335
34.88553, 137.59445
34.88545, 137.59487
34.88532, 137.59543
34.88531, 137.5955
34.88522, 137.59586
34.88517, 137.59622
34.88517, 137.59635
34.88518, 137.5964
34.88519, 137.59661
34.88524, 137.59697
34.88526, 137.59706
34.88535, 137.5973
34.8854, 137.59737
34.88542, 137.59739
34.88544, 137.59743
34.88551, 137.5975
34.8856, 137.59757
34.8857, 137.59762
34.88572, 137.59762
34.88579, 137.59765
34.88584, 137.59766
34.88603, 137.59766
34.88644, 137.59759
34.88659, 137.59758
34.88707, 137.59759
34.88803, 137.59766
34.88819, 137.5977
34.88829, 137.59774
34.88836, 137.59779
34.88838, 137.5978
34.88866, 137.59802
34.88866, 137.59803
34.88875, 137.59812
34.8888, 137.59816
34.88882, 137.59819
34.88893, 137.59831
34.88951, 137.59905
34.88962, 137.59921
34.88966, 137.59928
34.88966, 137.5993
34.88967, 137.59933
34.88967, 137.59935
34.8897, 137.59954
34.8897, 137.59978
34.88972, 137.59993
34.88972, 137.59998
34.88973, 137.60003
34.88983, 137.60036
34.88987, 137.60045
34.88988, 137.60051
34.89, 137.60084
34.89003, 137.6009
34.89014, 137.60121
34.89027, 137.60132
34.89041, 137.60138
34.89063, 137.60144
34.89064, 137.60144
34.89073, 137.60148
34.89081, 137.6015
34.89082, 137.60151
34.89093, 137.60154
34.8915, 137.60175
34.89174, 137.60182
34.89185, 137.60187
34.89221, 137.60199
34.89237, 137.60203
34.89239, 137.60204
34.89257, 137.60207
34.89261, 137.60207
34.89266, 137.60208
34.89311, 137.60211
34.89337, 137.60208
34.89364, 137.60202
34.8937, 137.60199
34.89382, 137.60195
34.89403, 137.60184
34.89419, 137.60174
34.89425, 137.60172
34.8944, 137.60164
34.89449, 137.60161
34.89463, 137.60158
34.89474, 137.60158
34.89479, 137.6016
34.89481, 137.6016
34.89508, 137.60171
34.8951, 137.60173
34.89519, 137.60177
34.89542, 137.6019
34.89548, 137.60192
34.89574, 137.60204
34.8959, 137.60215
34.8959, 137.60216
34.89594, 137.60219
34.896, 137.60225
34.89604, 137.60231
34.89607, 137.60234
34.89609, 137.60237
34.89612, 137.6024
34.89636, 137.60277
34.8965, 137.60291
34.89661, 137.60299
34.89664, 137.603
34.89672, 137.60305
34.8968, 137.60309
34.89681, 137.6031
34.89711, 137.60324
34.89714, 137.60325
34.8972, 137.60329
34.89728, 137.60333
34.8973, 137.60335
34.89735, 137.60338
34.8974, 137.60342
34.89745, 137.60347
34.8975, 137.60351
34.89755, 137.60358
34.89759, 137.60362
34.89771, 137.60377
34.89771, 137.60378
34.89797, 137.60409
34.89801, 137.60415
34.89811, 137.60427
34.89816, 137.60432
34.8982, 137.60438
34.89867, 137.60489
34.89917, 137.60551
34.8992, 137.60556
34.89953, 137.60599
34.89954, 137.60601
34.89972, 137.60622
34.89984, 137.60634
34.89989, 137.60637
34.89994, 137.60641
34.90009, 137.60648
34.90015, 137.6065
34.90033, 137.60652
34.90043, 137.60652
34.9005, 137.6065
34.90062, 137.60649
34.9009, 137.60641
34.90126, 137.60633
34.9015, 137.60626
34.90168, 137.60619
34.90178, 137.60614
34.90193, 137.60605
34.90225, 137.60589
34.90261, 137.60579
34.90264, 137.60579
34.90303, 137.60569
34.90307, 137.60569
34.90313, 137.60568
34.90322, 137.60568
34.90337, 137.60572
34.90345, 137.60575
34.90379, 137.60591
34.90382, 137.60592
34.90397, 137.606
34.90424, 137.60612
34.90437, 137.60619
34.90445, 137.60622
34.90479, 137.60638
34.90488, 137.60619
34.90517, 137.60548
34.90519, 137.60546
34.90536, 137.60518
34.90554, 137.60498
34.90574, 137.60483
34.90578, 137.60481
34.90585, 137.60476
34.90594, 137.60472
34.90599, 137.60471
34.9061, 137.60467
34.90628, 137.60463
34.90636, 137.60462
34.90646, 137.60462
34.90651, 137.60463
34.90663, 137.60463
34.90865, 137.60487
34.9089, 137.60492
34.90909, 137.60497
34.90938, 137.60508
34.90967, 137.60524
34.90998, 137.60547
34.9108, 137.60617
34.91112, 137.60637
34.91137, 137.60645
34.91154, 137.60648
34.9116, 137.60648
34.91166, 137.60649
34.91172, 137.60649
34.91193, 137.60646
34.91198, 137.60644
34.91204, 137.60643
34.9122, 137.60637
34.91237, 137.60628
34.91255, 137.60615
34.91259, 137.60613
34.91262, 137.6061
34.91352, 137.60546
34.91368, 137.60533
34.91376, 137.60528
34.9153, 137.60417
34.91541, 137.60408
34.91556, 137.60398
34.918, 137.60217
34.91864, 137.60165
34.91869, 137.60163
34.91897, 137.6014
34.91903, 137.60134
34.91912, 137.60127
34.91964, 137.60074
34.91986, 137.60054
34.9215, 137.5992
34.92151, 137.5992
34.92187, 137.59887
34.92207, 137.59866
34.92208, 137.59864
34.92253, 137.59815
34.92253, 137.59814
34.92265, 137.59802
34.92278, 137.59792
34.92282, 137.59791
34.92287, 137.59788
34.92294, 137.59785
34.92308, 137.59781
34.92317, 137.5978
34.92332, 137.59777
34.92336, 137.59777
34.92346, 137.59774
34.92358, 137.59769
34.92369, 137.59763
34.92375, 137.59758
34.92377, 137.59757
34.92382, 137.59752
34.92392, 137.59736
34.924, 137.59716
34.92403, 137.59698
34.92403, 137.59675
34.92396, 137.59645
34.92373, 137.59574
34.92354, 137.59533
34.92354, 137.59532
34.92351, 137.59526
34.92256, 137.59372
34.92246, 137.59353
34.92242, 137.59343
34.92242, 137.59342
34.92241, 137.5934
34.9224, 137.59335
34.9224, 137.59331
34.92239, 137.59323
34.92239, 137.59312
34.92242, 137.59299
34.92243, 137.59297
34.92245, 137.59289
34.92248, 137.59283
34.92262, 137.59265
34.92273, 137.59258
34.92286, 137.59252
34.92287, 137.59251
34.92318, 137.59236
34.9233, 137.59228
34.92343, 137.59215
34.92354, 137.59201
34.9236, 137.59192
34.92362, 137.59187
34.92366, 137.5918
34.92368, 137.59173
34.92373, 137.5916
34.92375, 137.59153
34.92378, 137.59132
34.92378, 137.59102
34.92373, 137.59066
34.92358, 137.59
34.92356, 137.5898
34.92356, 137.58964
34.9236, 137.58937
34.92365, 137.58923
34.92373, 137.58908
34.92389, 137.58887
34.92414, 137.58863
34.92418, 137.58858
34.9243, 137.5885
34.92434, 137.58849
34.92436, 137.58849
34.92448, 137.58847
34.92455, 137.58847
34.92465, 137.58848
34.92498, 137.58855
34.92535, 137.58866
34.92539, 137.58866
34.92542, 137.58867
34.92552, 137.58867
34.92569, 137.58864
34.92575, 137.58862
34.92595, 137.58851
34.92601, 137.58845
34.92608, 137.58836
34.92611, 137.58833
34.92614, 137.58827
34.92628, 137.58806
34.92633, 137.58797
34.92638, 137.58791
34.92665, 137.58743
34.92675, 137.58718
34.92678, 137.58705
34.92678, 137.58703
34.92681, 137.58687
34.92681, 137.58682
34.92682, 137.58678
34.92682, 137.58655
34.92679, 137.58635
34.92676, 137.58622
34.92674, 137.58616
34.92673, 137.58611
34.92642, 137.58531
34.92641, 137.58527
34.92633, 137.58508
34.92633, 137.58507
34.92626, 137.58487
34.92625, 137.5848
34.92619, 137.58454
34.92619, 137.58449
34.92617, 137.58429
34.92616, 137.58405
34.92617, 137.5831
34.9262, 137.58287
34.92625, 137.58274
34.92631, 137.58265
34.9264, 137.58255
34.92654, 137.58247
34.92656, 137.58247
34.9266, 137.58246
34.92661, 137.58245
34.92672, 137.58245
34.92683, 137.58247
34.92689, 137.58249
34.92699, 137.58257
34.9271, 137.5827
34.92734, 137.58307
34.92737, 137.58313
34.92751, 137.58336
34.9276, 137.58343
34.92768, 137.58347
34.92774, 137.58349
34.92775, 137.58349
34.9278, 137.58351
34.92785, 137.58351
34.92791, 137.5835
34.92797, 137.5835
34.92824, 137.58341
34.92826, 137.58339
34.92858, 137.58318
34.92866, 137.58315
34.92873, 137.58311
34.92876, 137.58308
34.9288, 137.58305
34.92884, 137.583
34.92887, 137.58295
34.92907, 137.58274
34.92926, 137.58259
34.92938, 137.58244
34.92939, 137.58241
34.92946, 137.58227
34.92949, 137.58213
34.92952, 137.58174
34.92951, 137.58164
34.92951, 137.58149
34.92947, 137.58119
34.92944, 137.58108
34.92936, 137.58088
34.92931, 137.58078
34.92909, 137.58046
34.92897, 137.58033
34.92887, 137.5802
34.92878, 137.5801
34.92865, 137.57989
34.92854, 137.57965
34.92848, 137.57948
34.92845, 137.57928
34.92845, 137.5791
34.92851, 137.5789
34.92861, 137.5787
34.92867, 137.57862
34.9287, 137.57857
34.92879, 137.57848
34.92881, 137.57847
34.92889, 137.57841
34.92893, 137.5784
34.92895, 137.57839
34.92902, 137.57837
34.92905, 137.57837
34.92908, 137.57836
34.9295, 137.57828
34.93006, 137.57821
34.93049, 137.57821
34.93051, 137.5782
34.93054, 137.5782
34.9307, 137.57817
34.9308, 137.57816
34.93083, 137.57815
34.93092, 137.57814
34.93097, 137.57814
34.93099, 137.57813
34.93162, 137.57795
34.93166, 137.57793
34.93237, 137.57767
34.93266, 137.57755
34.93339, 137.57731
34.93347, 137.57727
34.93384, 137.57713
34.93394, 137.57706
34.934, 137.577
34.93401, 137.57697
34.93403, 137.57695
34.93409, 137.57684
34.9341, 137.57681
34.93413, 137.57663
34.93411, 137.57602
34.9342, 137.576
34.93437, 137.576
34.93448, 137.57598
34.93474, 137.57596
34.93503, 137.57592
34.93562, 137.57593
34.93609, 137.57592
34.9363, 137.57594
34.93765, 137.57596
34.93805, 137.57594
34.93834, 137.5759
34.9384, 137.57588
34.9385, 137.57583
34.93856, 137.57578
34.93866, 137.57568
34.93871, 137.5756
34.93873, 137.57555
34.93874, 137.57551
34.93876, 137.57548
34.93892, 137.57496
34.93894, 137.57492
34.93895, 137.57488
34.93898, 137.57484
34.93902, 137.57477
34.93904, 137.57476
34.93908, 137.57472
34.93911, 137.5747
34.93914, 137.57467
34.93917, 137.57466
34.93922, 137.57463
34.93924, 137.57461
34.93944, 137.57453
34.93952, 137.57449
34.93958, 137.57447
34.93959, 137.57446
34.93961, 137.57445
34.93964, 137.57442
34.93966, 137.57441
34.93967, 137.5744
34.93969, 137.5744
34.93973, 137.57438
34.93977, 137.57437
34.93981, 137.57435
34.93994, 137.57432
34.94003, 137.57427
34.94028, 137.57418
34.94032, 137.57416
34.94067, 137.57409
34.94078, 137.57406
34.941, 137.57403
34.94105, 137.57403
34.94111, 137.57404
34.94116, 137.57404
34.94119, 137.57405
34.94138, 137.57408
34.94149, 137.57412
34.94184, 137.57422
34.94201, 137.57428
34.94217, 137.57432
34.94219, 137.57432
34.94232, 137.57435
34.94245, 137.57435
34.94253, 137.57433
34.94254, 137.57432
34.94258, 137.57431
34.94289, 137.57418
34.94303, 137.57415
34.94387, 137.57407
34.94392, 137.57406
34.94411, 137.57406
34.94437, 137.57412
34.94605, 137.57464
34.94605, 137.57465
34.94612, 137.57469
34.94616, 137.57472
34.94626, 137.57482
34.94647, 137.57498
34.94649, 137.57499
34.94668, 137.57504
34.94676, 137.57504
34.94714, 137.57488
34.94715, 137.57487
34.94738, 137.57478
34.94744, 137.57477
34.94746, 137.57476
34.94755, 137.57474
34.9477, 137.57472
34.94896, 137.57448
34.94923, 137.57446
34.94941, 137.5745
34.94957, 137.57455
34.95055, 137.57492
34.95064, 137.57497
34.95145, 137.57553
34.95151, 137.57556
34.95155, 137.57557
34.95159, 137.57559
34.95165, 137.5756
34.95176, 137.57558
34.95179, 137.57557
34.9519, 137.57551
34.95194, 137.57547
34.95201, 137.57542
34.9527, 137.57482
34.95274, 137.5748
34.95299, 137.57463
34.95308, 137.57458
34.9532, 137.57453
34.95327, 137.57449
34.95351, 137.57438
34.95353, 137.57438
34.95372, 137.57428
34.95397, 137.57417
34.95403, 137.57413
34.95407, 137.57411
34.95412, 137.57405
34.95437, 137.57369
34.95463, 137.57326
34.95475, 137.57312
34.95517, 137.57272
34.95523, 137.57264
34.95524, 137.5726
34.95538, 137.57234
34.95541, 137.57226
34.95548, 137.57212
34.95552, 137.572
34.95559, 137.57189
34.95579, 137.57166
34.95593, 137.57156
34.95604, 137.5715
34.95649, 137.57133
34.95659, 137.57133
34.95679, 137.5714
34.95687, 137.57145
34.95691, 137.57149
34.95692, 137.57149
34.95696, 137.57155
34.95698, 137.57159
34.95701, 137.57174
34.95703, 137.57204
34.95705, 137.5721
34.95706, 137.57215
34.9571, 137.57226
34.95718, 137.57241
34.9573, 137.57255
34.95744, 137.57268
34.9576, 137.57279
34.95773, 137.57291
34.95791, 137.5731
34.958, 137.57322
34.95801, 137.57324
34.95813, 137.57337
34.95818, 137.57341
34.95826, 137.57345
34.9583, 137.57346
34.95841, 137.57347
34.9585, 137.57346
34.95858, 137.57342
34.95865, 137.57337
34.95878, 137.57331
34.9588, 137.57331
34.95893, 137.57327
34.95897, 137.57324
34.95913, 137.57315
34.95929, 137.57309
34.95941, 137.57309
34.95949, 137.5731
34.95971, 137.57315
34.95981, 137.57319
34.95985, 137.57322
34.95993, 137.57325
34.95998, 137.57329
34.96027, 137.57348
34.96043, 137.57357
34.96063, 137.57366
34.9608, 137.57372
34.96088, 137.57372
34.96093, 137.57371
34.96097, 137.57369
34.96099, 137.57367
34.96105, 137.57359
34.96107, 137.57357
34.96108, 137.57354
34.96111, 137.57336
34.96111, 137.57326
34.96112, 137.57321
34.96112, 137.57302
34.96113, 137.57289
34.96113, 137.57276
34.96115, 137.5726
34.96118, 137.5725
34.96121, 137.57245
34.96128, 137.5724
34.96129, 137.5724
34.96147, 137.57236
34.96149, 137.57235
34.96165, 137.57233
34.96185, 137.57228
34.96212, 137.57216
34.96232, 137.57204
34.96233, 137.57203
34.96239, 137.57199
34.96243, 137.57195
34.96279, 137.5717
34.96281, 137.57169
34.96301, 137.57155
34.96307, 137.57149
34.96321, 137.57141
34.96336, 137.57135
34.9635, 137.57134
34.96353, 137.57133
34.96369, 137.57135
34.96384, 137.57139
34.96389, 137.57141
34.96399, 137.57147
34.96402, 137.5715
34.96406, 137.57152
34.96423, 137.5717
34.96429, 137.57178
34.96441, 137.572
34.96443, 137.57206
34.9645, 137.57217
34.9646, 137.5723
34.96472, 137.57242
34.96497, 137.57263
34.96498, 137.57265
34.96512, 137.57276
34.96528, 137.57251
34.96546, 137.57233
34.96555, 137.57226
34.96586, 137.57207
34.96587, 137.57207
34.96607, 137.57194
34.96629, 137.57182
34.96651, 137.57172
34.96666, 137.57167
34.9667, 137.57165
34.96677, 137.57164
34.967, 137.57158
34.96723, 137.57154
34.96747, 137.57146
34.96748, 137.57146
34.96766, 137.57135
34.9678, 137.57125
34.96797, 137.5711
34.96803, 137.57103
34.96941, 137.56894
34.96942, 137.56893
34.97012, 137.56785
34.97012, 137.56784
34.97026, 137.56764
34.97029, 137.56758
34.97065, 137.5671
34.97082, 137.56691
34.97089, 137.56682
34.97117, 137.56651
34.97127, 137.56642
34.97152, 137.56624
34.9718, 137.56609
34.97189, 137.56603
34.97191, 137.56601
34.97197, 137.56597
34.97201, 137.56596
34.97204, 137.56593
34.97213, 137.56588
34.97214, 137.56587
34.97217, 137.56586
34.97221, 137.56583
34.97246, 137.56568
34.97265, 137.56553
34.9727, 137.5655
34.97273, 137.56547
34.97275, 137.56546
34.97282, 137.56539
34.97286, 137.56536
34.97356, 137.56471
34.97402, 137.56435
34.97435, 137.56417
34.97447, 137.56412
34.97452, 137.56411
34.97453, 137.5641
34.97458, 137.56409
34.97464, 137.56407
34.9747, 137.56406
34.97472, 137.56405
34.97486, 137.56403
34.97511, 137.56403
34.97527, 137.56405
34.97538, 137.56408
34.97543, 137.5641
34.97544, 137.5641
34.97565, 137.56417
34.97591, 137.5643
34.97594, 137.56433
34.976, 137.56436
34.97607, 137.56441
34.97628, 137.56459
34.97637, 137.5647
34.97646, 137.56479
34.97651, 137.56482
34.97656, 137.56486
34.9766, 137.56488
34.97666, 137.56489
34.97669, 137.5649
34.97671, 137.5649
34.9768, 137.56487
34.97683, 137.56485
34.97687, 137.56481
34.97693, 137.56469
34.97697, 137.56456
34.97699, 137.56444
34.97699, 137.56439
34.97707, 137.56407
34.97715, 137.56388
34.97718, 137.56385
34.97721, 137.56379
34.97729, 137.5637
34.97742, 137.5636
34.97744, 137.56359
34.97747, 137.56356
34.97751, 137.56355
34.97754, 137.56353
34.97758, 137.56352
34.97763, 137.5635
34.97786, 137.56345
34.97849, 137.56339
34.97857, 137.56339
34.97877, 137.56335
34.97885, 137.56332
34.97891, 137.56329
34.97908, 137.56317
34.97926, 137.56297
34.97946, 137.5627
34.9795, 137.56263
34.97954, 137.56258
34.97963, 137.56241
34.97991, 137.56172
34.97993, 137.56165
34.97993, 137.56156
34.97994, 137.56152
34.97993, 137.56147
34.97993, 137.56143
34.97976, 137.56084
34.97976, 137.5608
34.97975, 137.56076
34.97975, 137.56073
34.97976, 137.56068
34.97976, 137.56066
34.97977, 137.56065
34.97978, 137.56061
34.97979, 137.56059
34.97979, 137.56058
34.97982, 137.56053
34.97994, 137.5604
34.98001, 137.56034
34.98003, 137.56033
34.98019, 137.56021
34.98031, 137.56014
34.98036, 137.56012
34.98041, 137.56011
34.98049, 137.56008
34.9806, 137.56005
34.98072, 137.56003
34.98094, 137.56001
34.98108, 137.55997
34.98173, 137.55971
34.98243, 137.55948
34.98248, 137.55947
34.98264, 137.5594
34.98274, 137.55934
34.98278, 137.5593
34.98281, 137.55926
34.98284, 137.55923
34.98291, 137.55908
34.98255, 137.55889
34.98249, 137.55885
34.98241, 137.55881
34.98218, 137.55867
34.98213, 137.55865
34.9821, 137.55863
34.98203, 137.5586
34.98196, 137.55858
34.98194, 137.55857
34.98182, 137.55854
34.98167, 137.55854
34.97967, 137.5587
34.97961, 137.5587
34.97833, 137.55881
34.97818, 137.55881
34.9781, 137.5588
34.97806, 137.55879
34.97782, 137.5587
34.9777, 137.55863
34.97742, 137.55842
34.97737, 137.55837
34.97618, 137.55747
34.97599, 137.55728
34.97566, 137.5569
34.975, 137.55608
34.97474, 137.55569
34.97465, 137.55553
34.9746, 137.55546
34.97448, 137.55526
34.97441, 137.55516
34.9742, 137.55481
34.97407, 137.55451
34.97398, 137.55423
34.97397, 137.55421
34.9739, 137.55398
34.97381, 137.55362
34.97376, 137.55325
34.97376, 137.55315
34.9737, 137.55259
34.97363, 137.55216
34.97362, 137.55203
34.9736, 137.55193
34.9736, 137.55185
34.97359, 137.55179
34.9736, 137.55172
34.9736, 137.55163
34.97365, 137.55116
34.97366, 137.55075
34.97361, 137.55048
34.97359, 137.55026
34.97402, 137.55019
34.97409, 137.55017
34.97416, 137.55017
34.97421, 137.55016
34.97425, 137.55016
34.97432, 137.55018
34.97434, 137.55018
34.9744, 137.55019
34.97452, 137.55019
34.97456, 137.55018
34.97463, 137.55015
34.97492, 137.55008
34.97497, 137.55008
34.97499, 137.55007
34.97505, 137.55008
34.97535, 137.5502
34.97543, 137.55022
34.97568, 137.55031
34.97579, 137.55036
34.97584, 137.55037
34.97593, 137.55041
34.97596, 137.55044
34.97599, 137.55045
34.97602, 137.55048
34.97605, 137.5505
34.97613, 137.55058
34.97622, 137.55073
34.97629, 137.55087
34.9765, 137.55121
34.97672, 137.55151
34.97679, 137.55158
34.97688, 137.55162
34.97695, 137.55164
34.97699, 137.55164
34.97706, 137.55163
34.97712, 137.55161
34.97734, 137.55151
34.97741, 137.55147
34.97751, 137.55143
34.97768, 137.55133
34.97785, 137.55115
34.97794, 137.55102
34.97795, 137.55099
34.97799, 137.55093
34.97802, 137.55086
34.97827, 137.55054
34.97831, 137.55047
34.97838, 137.5503
34.97844, 137.55011
34.97848, 137.55003
34.97854, 137.54985
34.97864, 137.54971
34.97866, 137.54967
34.97867, 137.54964
34.97869, 137.5496
34.97869, 137.54957
34.97871, 137.54946
34.97872, 137.54921
34.97877, 137.54887
34.97881, 137.54872
34.97889, 137.54854
34.97892, 137.54845
34.97894, 137.54835
34.97895, 137.54804
34.97916, 137.54694
34.97916, 137.54692
34.97924, 137.54643
34.97925, 137.5464
34.97926, 137.54608
34.97921, 137.54561
34.97912, 137.54533
34.97911, 137.54531
34.9791, 137.54526
34.97906, 137.54517
34.97896, 137.54502
34.97889, 137.54494
34.97884, 137.54486
34.97876, 137.54477
34.9787, 137.54464
34.97869, 137.5446
34.97868, 137.5445
34.97868, 137.54443
34.97869, 137.54436
34.97871, 137.54432
34.97872, 137.54428
34.97874, 137.54424
34.97878, 137.54418
34.97886, 137.5441
34.97889, 137.54408
34.97891, 137.54406
34.97932, 137.54382
34.97977, 137.54359
34.98012, 137.54349
34.98028, 137.54343
34.98052, 137.5433
34.98061, 137.54324
34.98062, 137.54324
34.98072, 137.54319
34.98076, 137.54316
34.98084, 137.54312
34.98095, 137.54305
34.98099, 137.54301
34.98102, 137.54297
34.98105, 137.54294
34.98112, 137.54282
34.9812, 137.54262
34.98134, 137.54221
34.98134, 137.54219
34.98144, 137.54193
34.98152, 137.54167
34.98155, 137.54152
34.98155, 137.54144
34.98156, 137.54136
34.98156, 137.54126
34.98157, 137.54118
34.98159, 137.54076
34.98162, 137.54045
34.98162, 137.5403
34.98163, 137.54022
34.98163, 137.54004
34.98164, 137.53995
34.98165, 137.53947
34.98146, 137.53797
34.98144, 137.53769
34.98145, 137.53762
34.98145, 137.53756
34.98146, 137.53748
34.98146, 137.5374
34.98147, 137.53738
34.98147, 137.53735
34.98162, 137.53638
34.98164, 137.5363
34.98166, 137.53613
34.98173, 137.53581
34.98181, 137.53564
34.98189, 137.53551
34.98198, 137.5354
34.98204, 137.53531
34.98217, 137.53517
34.98226, 137.5351
34.98235, 137.53501
34.98267, 137.53477
34.98278, 137.53471
34.98307, 137.53451
34.98336, 137.53434
34.98337, 137.53433
34.98338, 137.53433
34.98343, 137.53431
34.98357, 137.53423
34.98365, 137.5342
34.98371, 137.53419
34.98377, 137.53419
34.98389, 137.53423
34.98414, 137.53443
34.98438, 137.53459
34.98447, 137.53464
34.98453, 137.53465
34.98456, 137.53466
34.987, 137.53499
34.98724, 137.53499
34.98726, 137.53498
34.98732, 137.53497
34.98753, 137.53489
34.9877, 137.53481
34.98778, 137.53478
34.98784, 137.53475
34.98848, 137.53455
34.98849, 137.53455
34.98853, 137.53454
34.98857, 137.53452
34.98877, 137.53446
34.98897, 137.53443
34.98938, 137.53432
34.98949, 137.53428
34.98984, 137.53421
34.98986, 137.5342
34.99014, 137.53414
34.99034, 137.53411
34.99047, 137.53407
34.99052, 137.53404
34.99057, 137.53398
34.99058, 137.53395
34.99058, 137.53393
34.99059, 137.53391
34.9906, 137.53381
34.99062, 137.53307
34.99064, 137.53291
34.99067, 137.53283
34.99073, 137.53272
34.99074, 137.53271
34.9908, 137.53258
34.99123, 137.5318
34.99144, 137.53133
34.99147, 137.53115
34.99146, 137.53097
34.99143, 137.53079
34.99137, 137.53055
34.99134, 137.53046
34.9913, 137.53028
34.99125, 137.53011
34.99119, 137.52999
34.99114, 137.52991
34.99103, 137.52977
34.99095, 137.5297
34.99093, 137.52969
34.99066, 137.52948
34.99026, 137.5292
34.99008, 137.52906
34.98976, 137.52885
34.9896, 137.52876
34.98955, 137.52874
34.98937, 137.52869
34.98898, 137.52873
34.98813, 137.52896
34.98782, 137.52899
34.98777, 137.52898
34.98773, 137.52898
34.98762, 137.52893
34.98759, 137.5289
34.98756, 137.52884
34.98755, 137.52881
34.98755, 137.5288
34.9872, 137.52806
34.98712, 137.52792
34.98707, 137.52787
34.98705, 137.52786
34.98703, 137.52784
34.98695, 137.52782
34.98692, 137.52783
34.98689, 137.52783
34.98685, 137.52784
34.9868, 137.52787
34.98679, 137.52788
34.98632, 137.52815
34.98631, 137.52816
34.98627, 137.52818
34.98622, 137.52822
34.98567, 137.52857
34.98566, 137.52858
34.98531, 137.52881
34.98516, 137.52887
34.98503, 137.52891
34.98494, 137.52892
34.9849, 137.52893
34.98486, 137.52893
34.98482, 137.52892
34.9848, 137.52892
34.98477, 137.52891
34.98472, 137.52888
34.98468, 137.52884
34.9846, 137.52878
34.98459, 137.52878
34.98453, 137.52872
34.98449, 137.52869
34.9844, 137.5286
34.98412, 137.52837
34.98386, 137.5281
34.98385, 137.52808
34.98383, 137.52806
34.98379, 137.52799
34.98376, 137.52791
34.98375, 137.52786
34.98375, 137.52777
34.98378, 137.52755
34.98382, 137.52744
34.98382, 137.52743
34.98386, 137.52727
34.98398, 137.52693
34.98401, 137.52687
34.98401, 137.52686
34.98405, 137.5268
34.98418, 137.52666
34.98475, 137.52626
34.98513, 137.52603
34.98529, 137.52597
34.98548, 137.52586
34.98607, 137.52545
34.98617, 137.52535
34.98623, 137.5253
34.98632, 137.52525
34.9864, 137.52523
34.98668, 137.52512
34.98669, 137.52511
34.98678, 137.52506
34.98697, 137.52498
34.98828, 137.52459
34.98839, 137.52452
34.98849, 137.52444
34.98859, 137.52434
34.99191, 137.52051
34.99264, 137.51982
34.99327, 137.51926
34.99336, 137.5192
34.99349, 137.51913
34.99361, 137.5191
34.99383, 137.51907
34.99491, 137.51905
34.99503, 137.51904
34.99573, 137.51903
34.99589, 137.51901
34.9962, 137.51892
34.99677, 137.5187
34.99683, 137.51869
34.99691, 137.51866
34.99696, 137.51865
34.99701, 137.51865
34.99708, 137.51864
34.99724, 137.51867
34.99745, 137.51878
34.99766, 137.51894
34.9977, 137.51899
34.99776, 137.51904
34.99778, 137.51908
34.99782, 137.51913
34.99786, 137.51922
34.99789, 137.51927
34.99791, 137.51933
34.99792, 137.51934
34.99795, 137.51941
34.998, 137.5196
34.9981, 137.51988
34.99817, 137.52024
34.9982, 137.52058
34.9982, 137.5215
34.99821, 137.52162
34.99821, 137.52185
34.99819, 137.52194
34.99819, 137.52199
34.99806, 137.52258
34.99804, 137.52275
34.99804, 137.52286
34.99805, 137.52298
34.99806, 137.52302
34.99806, 137.52304
34.99813, 137.5234
34.99818, 137.5236
34.99826, 137.52416
34.99823, 137.52448
34.99823, 137.52465
34.99824, 137.52472
34.99827, 137.52482
34.99838, 137.52502
34.99844, 137.5251
34.99848, 137.52513
34.99861, 137.52517
34.9989, 137.52522
34.99895, 137.52521
34.99904, 137.52521
34.9992, 137.52517
34.99936, 137.52515
34.99954, 137.5251
34.99957, 137.52508
35.00015, 137.52482
35.00042, 137.52465
35.00048, 137.52462
35.00055, 137.52457
35.00058, 137.52454
35.0006, 137.52453
35.00082, 137.52436
35.00092, 137.52427
35.00099, 137.52422
35.00103, 137.52418
35.00114, 137.5241
35.00127, 137.52399
35.00142, 137.52389
35.00157, 137.52384
35.00196, 137.52376
35.00238, 137.52365
35.0026, 137.52361
35.00263, 137.5236
35.00273, 137.5236
35.00278, 137.52361
35.00281, 137.52361
35.00294, 137.52363
35.00325, 137.52371
35.00339, 137.52376
35.00385, 137.52387
35.00414, 137.52398
35.00429, 137.52405
35.00436, 137.5241
35.00461, 137.52425
35.00481, 137.5244
35.00496, 137.52447
35.00499, 137.52449
35.00501, 137.52449
35.00502, 137.5245
35.00504, 137.5245
35.00506, 137.52451
35.00507, 137.52451
35.00508, 137.5245
35.00509, 137.5245
35.00514, 137.52444
35.00515, 137.52441
35.00533, 137.52403
35.00542, 137.52394
35.00546, 137.52393
35.00552, 137.52393
35.00558, 137.52396
35.00584, 137.52414
35.00605, 137.52425
35.00618, 137.5243
35.00644, 137.52436
35.00687, 137.52439
35.00732, 137.52444
35.00736, 137.52444
35.0075, 137.52442
35.00757, 137.52442
35.00776, 137.52436
35.00779, 137.52434
35.00781, 137.52434
35.00784, 137.52431
35.00796, 137.52424
35.00893, 137.52354
35.00968, 137.52312
35.00976, 137.52306
35.00981, 137.52301
35.00986, 137.52297
35.0099, 137.52291
35.00994, 137.52287
35.00998, 137.5228
35.01006, 137.5226
35.0101, 137.52252
35.01017, 137.52233
35.0103, 137.52207
35.01033, 137.52203
35.01039, 137.52193
35.01064, 137.52157
35.0108, 137.52137
35.01093, 137.52125
35.0111, 137.52112
35.01126, 137.52102
35.01128, 137.521
35.01153, 137.52086
35.01158, 137.52082
35.01167, 137.52077
35.01194, 137.52052
35.01201, 137.52044
35.01201, 137.52043
35.01204, 137.5204
35.01207, 137.52038
35.01209, 137.52036
35.01213, 137.52034
35.0122, 137.52029
35.01279, 137.51997
35.01306, 137.51984
35.01309, 137.51981
35.01316, 137.51977
35.0133, 137.51972
35.0134, 137.51967
35.01351, 137.51965
35.01365, 137.5196
35.01387, 137.51955
35.01422, 137.51942
35.01434, 137.51939
35.01468, 137.51928
35.01496, 137.51923
35.01501, 137.51921
35.01508, 137.51921
35.01518, 137.51923
35.01534, 137.51923
35.01553, 137.51918
35.01559, 137.51917
35.01571, 137.51917
35.01583, 137.51913
35.01591, 137.51913
35.01617, 137.51909
35.01622, 137.51907
35.01625, 137.51907
35.01633, 137.51905
35.0164, 137.51904
35.01643, 137.51903
35.01644, 137.51903
35.01647, 137.51902
35.01651, 137.51902
35.01656, 137.51901
35.01659, 137.51901
35.0167, 137.51898
35.01683, 137.51896
35.01717, 137.51886
35.01735, 137.51883
35.01742, 137.5188
35.01752, 137.51877
35.01765, 137.51871
35.01804, 137.51848
35.01823, 137.51841
35.01831, 137.51839
35.01837, 137.51836
35.01841, 137.51835
35.01893, 137.51802
35.01903, 137.51798
35.01903, 137.51797
35.01911, 137.51793
35.01934, 137.51777
35.01946, 137.51771
35.01968, 137.51762
35.02008, 137.51751
35.0201, 137.5175
35.02016, 137.51749
35.02023, 137.51747
35.02082, 137.51724
35.02083, 137.51724
35.02089, 137.51722
35.02114, 137.51718
35.0214, 137.51718
35.02155, 137.51721
35.02157, 137.51722
35.02163, 137.51723
35.02169, 137.51725
35.02192, 137.5174
35.02203, 137.51749
35.02319, 137.51834
35.02335, 137.51852
35.02336, 137.51852
35.02341, 137.51859
35.02351, 137.51869
35.02356, 137.51875
35.02358, 137.51879
35.02368, 137.51889
35.02395, 137.51927
35.02398, 137.51933
35.02403, 137.5194
35.02404, 137.51942
35.02428, 137.51975
35.0243, 137.51977
35.02436, 137.51987
35.0244, 137.51992
35.02445, 137.52
35.0245, 137.52006
35.02452, 137.52012
35.02462, 137.5203
35.02474, 137.52058
35.02485, 137.52079
35.02503, 137.52104
35.02506, 137.52107
35.02512, 137.52115
35.02513, 137.52117
35.02516, 137.5212
35.02529, 137.52137
35.0253, 137.52139
35.02531, 137.5214
35.02532, 137.52142
35.02538, 137.5215
35.0254, 137.52152
35.02542, 137.52155
35.02542, 137.52156
35.02543, 137.52157
35.02544, 137.5216
35.02546, 137.52163
35.02557, 137.52191
35.02558, 137.52195
35.02561, 137.52202
35.02567, 137.52224
35.0257, 137.52239
35.0258, 137.52275
35.0258, 137.52277
35.026, 137.52361
35.026, 137.52363
35.02604, 137.52381
35.02612, 137.52397
35.02619, 137.52406
35.02636, 137.52418
35.02637, 137.52418
35.02642, 137.5242
35.02645, 137.5242
35.02648, 137.52421
35.02655, 137.52421
35.02659, 137.5242
35.02663, 137.5242
35.02671, 137.52417
35.02677, 137.52414
35.02692, 137.52403
35.02696, 137.52399
35.02715, 137.52386
35.02721, 137.52381
35.02723, 137.5238
35.02736, 137.52365
35.02748, 137.52348
35.02749, 137.52346
35.02758, 137.52333
35.02763, 137.52323
35.02798, 137.52267
35.028, 137.52262
35.02829, 137.52206
35.02848, 137.5218
35.02854, 137.52174
35.02858, 137.52171
35.02862, 137.52167
35.02887, 137.52147
35.02911, 137.52135
35.02916, 137.52134
35.02917, 137.52133
35.02943, 137.52129
35.02951, 137.52129
35.0296, 137.52128
35.02995, 137.52128
35.03002, 137.52127
35.0302, 137.52122
35.03037, 137.52114
35.03039, 137.52112
35.03054, 137.52106
35.03056, 137.52106
35.03061, 137.52104
35.03074, 137.52101
35.03084, 137.521
35.03091, 137.521
35.031, 137.52099
35.03122, 137.521
35.03124, 137.52101
35.03126, 137.52101
35.0313, 137.52102
35.03134, 137.52104
35.0314, 137.52106
35.03152, 137.52113
35.03169, 137.52127
35.03181, 137.52142
35.03187, 137.52148
35.03199, 137.52165
35.03207, 137.52174
35.03211, 137.5218
35.03221, 137.52192
35.03231, 137.52206
35.03247, 137.52235
35.03276, 137.52278
35.03277, 137.52281
35.03281, 137.52285
35.03283, 137.52291
35.03286, 137.52295
35.03295, 137.52317
35.03301, 137.52342
35.03303, 137.52354
35.03304, 137.52356
35.0331, 137.52384
35.03318, 137.52411
35.03318, 137.52412
35.03339, 137.52449
35.03354, 137.5247
35.03363, 137.5248
35.03367, 137.52482
35.03369, 137.52484
35.03371, 137.52484
35.03374, 137.52486
35.03377, 137.52487
35.03458, 137.52503
35.03461, 137.52504
35.03476, 137.52507
35.03483, 137.5251
35.03492, 137.5252
35.03493, 137.5252
35.03497, 137.52521
35.03512, 137.52521
35.03541, 137.52525
35.03552, 137.52528
35.03559, 137.52532
35.03562, 137.52533
35.03584, 137.5255
35.03585, 137.52552
35.03588, 137.52555
35.03603, 137.52581
35.03606, 137.52585
35.03682, 137.52717
35.03695, 137.52736
35.03699, 137.52743
35.03704, 137.5275
35.03712, 137.52758
35.03763, 137.52802
35.0377, 137.52806
35.03842, 137.52837
35.03847, 137.52838
35.03856, 137.52841
35.03861, 137.52841
35.03905, 137.52852
35.03906, 137.52852
35.03912, 137.52854
35.03918, 137.52854
35.03924, 137.52855
35.03939, 137.52855
35.03946, 137.52856
35.03994, 137.52853
35.04032, 137.52853
35.04046, 137.52852
35.04058, 137.5285
35.04063, 137.5285
35.0407, 137.52847
35.04077, 137.52845
35.04114, 137.5283
35.04135, 137.52824
35.04179, 137.52822
35.04187, 137.52823
35.04193, 137.52823
35.04205, 137.52827
35.04211, 137.5283
35.04219, 137.52836
35.04224, 137.52839
35.04238, 137.52853
35.04244, 137.52861
35.04263, 137.52881
35.04268, 137.52888
35.04273, 137.52892
35.04274, 137.52886
35.04276, 137.5288
35.0429, 137.52852
35.04291, 137.52848
35.04296, 137.52842
35.043, 137.52834
35.04307, 137.52814
35.04323, 137.52776
35.04324, 137.52775
35.04325, 137.5277
35.04325, 137.52743
35.04323, 137.52723
35.04317, 137.5269
35.04317, 137.52664
35.04326, 137.52614
35.04327, 137.52604
35.04327, 137.52583
35.04328, 137.52576
35.0433, 137.5257
35.04334, 137.52563
35.04337, 137.52561
35.04339, 137.52559
35.04342, 137.52557
35.04358, 137.52554
35.04396, 137.52555
35.04458, 137.52554
35.04488, 137.52546
35.045, 137.52544
35.04509, 137.52544
35.04514, 137.52545
35.04519, 137.52547
35.04521, 137.52547
35.04522, 137.52548
35.04525, 137.5255
35.04532, 137.52557
35.04536, 137.52559
35.04543, 137.5256
35.04556, 137.52558
35.04565, 137.52554
35.04581, 137.5254
35.04595, 137.52524
35.04605, 137.52508
35.0461, 137.52495
35.04613, 137.52481
35.04613, 137.52471
35.04614, 137.52468
35.04614, 137.52457
35.04613, 137.52446
35.04613, 137.52427
35.04614, 137.52423
35.04614, 137.5242
35.04616, 137.52415
35.04617, 137.52411
35.04621, 137.52403
35.04633, 137.52386
35.04636, 137.52384
35.04638, 137.52382
35.04639, 137.52382
35.0464, 137.52381
35.04646, 137.52381
35.0465, 137.52382
35.04654, 137.52384
35.04657, 137.52385
35.0466, 137.52385
35.04668, 137.52387
35.04669, 137.52387
35.0467, 137.52388
35.04677, 137.52391
35.04682, 137.52392
35.04692, 137.52396
35.0471, 137.524
35.04715, 137.52402
35.04719, 137.52402
35.0472, 137.52403
35.04725, 137.52403
35.04728, 137.52404
35.04752, 137.52404
35.04758, 137.52402
35.04786, 137.52399
35.04802, 137.52396
35.04808, 137.52393
35.04815, 137.52391
35.04818, 137.52389
35.04821, 137.52386
35.0483, 137.52379
35.04839, 137.52367
35.04844, 137.52357
35.04846, 137.52351
35.04849, 137.52345
35.04851, 137.52334
35.04852, 137.52331
35.04855, 137.52313
35.04855, 137.52306
35.04857, 137.52293
35.04859, 137.52267
35.04866, 137.52214
35.04867, 137.52199
35.04871, 137.52175
35.04873, 137.5217
35.04873, 137.52168
35.04874, 137.52162
35.0488, 137.52142
35.04892, 137.52109
35.04902, 137.52088
35.04903, 137.52087
35.04906, 137.5208
35.04917, 137.52063
35.04922, 137.52053
35.04922, 137.52052
35.04925, 137.52047
35.04925, 137.52045
35.04934, 137.52036
35.04936, 137.52033
35.04943, 137.52026
35.04945, 137.52025
35.04946, 137.52024
35.04948, 137.52023
35.04954, 137.52017
35.04958, 137.52014
35.04966, 137.52006
35.04969, 137.52004
35.04973, 137.52
35.04977, 137.51997
35.05009, 137.51959
35.05028, 137.51942
35.05045, 137.5193
35.05058, 137.51923
35.05063, 137.51922
35.05068, 137.5192
35.05073, 137.5192
35.05076, 137.51919
35.0508, 137.51919
35.05084, 137.5192
35.05087, 137.5192
35.05098, 137.51924
35.05102, 137.51926
35.05109, 137.51931
35.05113, 137.51935
35.05115, 137.51938
35.05118, 137.5194
35.05121, 137.51943
35.05128, 137.51952
35.05131, 137.51957
35.05137, 137.51965
35.05138, 137.51967
35.05141, 137.5197
35.05143, 137.51973
35.05152, 137.51982
35.05165, 137.51991
35.05166, 137.51992
35.05167, 137.51992
35.05174, 137.51996
35.05175, 137.51996
35.05183, 137.51998
35.05194, 137.51998
35.05196, 137.51997
35.05197, 137.51997
35.05213, 137.51985
35.05224, 137.51975
35.05226, 137.51974
35.05237, 137.51963
35.05241, 137.5196
35.05246, 137.51953
35.05248, 137.51951
35.05251, 137.51945
35.05255, 137.5194
35.05256, 137.51937
35.05259, 137.51932
35.05261, 137.5193
35.05273, 137.51908
35.05278, 137.51897
35.05281, 137.51893
35.05284, 137.51887
35.05288, 137.51882
35.05292, 137.51875
35.053, 137.51867
35.05304, 137.51864
35.05309, 137.51859
35.05312, 137.51857
35.05335, 137.5183
35.0534, 137.51825
35.05342, 137.51822
35.05386, 137.51779
35.05399, 137.51768
35.05413, 137.51752
35.05458, 137.51709
35.05496, 137.51681
35.05535, 137.51661
35.05538, 137.5166
35.05622, 137.5162
35.05627, 137.51619
35.05652, 137.51606
35.05656, 137.51605
35.05668, 137.51599
35.0567, 137.51597
35.05675, 137.51594
35.05679, 137.5159
35.05682, 137.51589
35.05685, 137.51586
35.05694, 137.51579
35.05705, 137.51568
35.05712, 137.51557
35.05722, 137.51535
35.05724, 137.51528
35.05726, 137.51525
35.05726, 137.51521
35.05728, 137.51518
35.05728, 137.51515
35.0573, 137.51505
35.05732, 137.515
35.05733, 137.51495
35.05735, 137.51489
35.05742, 137.51445
35.05746, 137.51434
35.05746, 137.51433
35.05751, 137.51421
35.05752, 137.51417
35.05754, 137.51414
35.05763, 137.51392
35.05766, 137.51388
35.05771, 137.51376
35.05771, 137.51375
35.05782, 137.51349
35.05783, 137.51344
35.05785, 137.51339
35.05786, 137.51333
35.05788, 137.51328
35.0579, 137.51317
35.0579, 137.51311
35.05792, 137.513
35.05792, 137.51289
35.05793, 137.51283
35.05793, 137.5127
35.05792, 137.51268
35.05792, 137.51246
35.05789, 137.51228
35.05787, 137.51223
35.05786, 137.51218
35.05772, 137.51181
35.05764, 137.51165
35.05758, 137.51156
35.05748, 137.51144
35.0573, 137.51126
35.05728, 137.51123
35.05669, 137.51065
35.05662, 137.51059
35.05659, 137.51055
35.05655, 137.51051
35.0565, 137.51044
35.05641, 137.51016
35.0564, 137.51009
35.05638, 137.51002
35.05636, 137.5099
35.05625, 137.50943
35.05622, 137.50915
35.05622, 137.50896
35.05623, 137.50888
35.05623, 137.50875
35.05627, 137.50828
35.05627, 137.50819
35.05628, 137.50812
35.05628, 137.50804
35.0563, 137.50789
35.0563, 137.50784
35.05636, 137.50765
35.0564, 137.50759
35.05645, 137.50749
35.05666, 137.50717
35.05672, 137.50704
35.05677, 137.50685
35.05677, 137.50672
35.05676, 137.50667
35.05675, 137.50656
35.05643, 137.50525
35.05638, 137.50509
35.05626, 137.50486
35.05626, 137.50485
35.05595, 137.50431
35.05591, 137.50419
35.0559, 137.50412
35.0559, 137.50404
35.05589, 137.50399
35.0559, 137.50389
35.05584, 137.50387
35.05516, 137.50374
35.05508, 137.50371
35.05503, 137.5037
35.05493, 137.50364
35.05478, 137.50351
35.05468, 137.50341
35.0544, 137.50321
35.05416, 137.50308
35.05411, 137.50301
35.05406, 137.50289
35.05406, 137.50288
35.05405, 137.50284
35.05404, 137.50276
35.05404, 137.50255
35.05409, 137.50201
35.05409, 137.50193
35.0541, 137.50183
35.05414, 137.50162
35.05417, 137.50153
35.05417, 137.50152
35.05423, 137.50131
35.05424, 137.50129
35.05426, 137.50119
35.05426, 137.50097
35.05423, 137.50076
35.0542, 137.50066
35.05418, 137.50052
35.05412, 137.50024
35.05408, 137.50012
35.05403, 137.50002
35.05399, 137.49996
35.05398, 137.49993
35.05389, 137.49981
35.05383, 137.49971
35.05383, 137.49969
35.05379, 137.49959
35.05368, 137.49914
35.0536, 137.49896
35.05358, 137.4989
35.05355, 137.49885
35.05349, 137.49872
35.05348, 137.49871
35.05337, 137.49851
35.05336, 137.49848
35.05324, 137.49829
35.05323, 137.49825
35.05321, 137.4982
35.05321, 137.49817
35.0532, 137.49812
35.0532, 137.49804
35.05321, 137.49793
35.05321, 137.49784
35.05322, 137.49778
35.05323, 137.49763
35.05326, 137.49741
35.05327, 137.4971
35.05328, 137.49703
35.05327, 137.497
35.05327, 137.49694
35.05321, 137.49676
35.05288, 137.49611
35.05287, 137.49608
35.05285, 137.49605
35.0528, 137.49593
35.05277, 137.49574
35.05273, 137.49535
35.05273, 137.49525
35.05272, 137.49519
35.05272, 137.49511
35.05273, 137.49505
35.05273, 137.49503
35.05278, 137.49477
35.05279, 137.49463
35.05277, 137.49448
35.05277, 137.49439
35.05278, 137.49434
35.05278, 137.49431
35.05279, 137.49429
35.0528, 137.49425
35.0529, 137.49405
35.05299, 137.49384
35.05302, 137.49375
35.05304, 137.49363
35.05304, 137.49355
35.05305, 137.49345
35.05305, 137.49333
35.05303, 137.4932
35.05298, 137.49309
35.05293, 137.49305
35.05289, 137.49303
35.05288, 137.49302
35.05272, 137.49293
35.05269, 137.4929
35.05267, 137.49285
35.05264, 137.4928
35.05263, 137.49277
35.05262, 137.49276
35.05256, 137.49257
35.05254, 137.49247
35.0525, 137.49236
35.05249, 137.49231
35.05249, 137.4922
35.05252, 137.49206
35.05253, 137.49198
35.05254, 137.49194
35.05254, 137.49191
35.05256, 137.49182
35.05257, 137.49173
35.05255, 137.49153
35.05249, 137.49133
35.0524, 137.49115
35.05231, 137.49102
35.05226, 137.49097
35.05226, 137.49096
35.05222, 137.49094
35.05216, 137.49092
35.05209, 137.49091
35.05194, 137.49087
35.05191, 137.49087
35.05184, 137.49084
35.05179, 137.49079
35.05176, 137.49071
35.05174, 137.49062
35.05168, 137.49043
35.05163, 137.49034
35.05157, 137.49026
35.05153, 137.49019
35.05152, 137.49015
35.05152, 137.49002
35.05153, 137.49
35.05153, 137.48995
35.05152, 137.48988
35.05152, 137.48982
35.05151, 137.48981
35.05148, 137.48956
35.05147, 137.48931
35.05149, 137.48922
35.05168, 137.48874
35.05176, 137.48848
35.05185, 137.4879
35.05191, 137.48766
35.05198, 137.48745
35.05213, 137.48712
35.05213, 137.48711
35.05217, 137.48702
35.0522, 137.48693
35.05223, 137.48677
35.05223, 137.48654
35.05225, 137.48643
35.05227, 137.48636
35.05231, 137.48629
35.05231, 137.48628
35.05232, 137.48627
35.05236, 137.48621
35.05241, 137.48616
35.05252, 137.48609
35.0526, 137.48601
35.0526, 137.486
35.05263, 137.48595
35.05265, 137.4859
35.05265, 137.48587
35.05263, 137.4858
35.05263, 137.48579
35.05261, 137.48572
35.05238, 137.48519
35.05237, 137.48515
35.05234, 137.48509
35.05234, 137.48506
35.05233, 137.48503
35.05233, 137.48496
35.05235, 137.48489
35.05236, 137.48487
35.05236, 137.48486
35.05238, 137.48484
35.05241, 137.48483
35.05242, 137.48482
35.05245, 137.48482
35.05246, 137.48483
35.05247, 137.48483
35.05249, 137.48487
35.05256, 137.4851
35.05261, 137.48519
35.05263, 137.4852
35.05264, 137.48521
35.05266, 137.48522
35.05271, 137.48522
35.05271, 137.48521
35.05272, 137.48521
35.05272, 137.4852
35.05273, 137.48519
35.05274, 137.48516
35.05274, 137.48496
35.05275, 137.48494
35.05277, 137.48481
35.05279, 137.48474
35.05276, 137.48458
35.05272, 137.48445
35.0527, 137.48434
35.05269, 137.48431
35.05262, 137.48397
35.05262, 137.48391
35.05261, 137.48387
35.05262, 137.4838
35.05262, 137.48377
35.05261, 137.48376
35.05261, 137.48371
35.05257, 137.48358
35.0525, 137.48345
35.05249, 137.48341
35.05248, 137.4834
35.0524, 137.48314
35.05236, 137.48307
35.05235, 137.48306
35.05234, 137.48306
35.05233, 137.48305
35.05231, 137.48304
35.05224, 137.48304
35.05222, 137.48305
35.0522, 137.48307
35.05217, 137.48308
35.05206, 137.48315
35.052, 137.48315
35.05195, 137.48314
35.0519, 137.48312
35.05181, 137.48304
35.05162, 137.4828
35.05157, 137.48275
35.05149, 137.4827
35.05145, 137.48269
35.0514, 137.48269
35.05134, 137.4827
35.05127, 137.48272
35.0512, 137.48272
35.05118, 137.48271
35.05114, 137.4827
35.05105, 137.48264
35.05079, 137.48231
35.05077, 137.4823
35.05069, 137.48221
35.05028, 137.48182
35.05027, 137.48182
35.05007, 137.48167
35.04995, 137.4816
35.04978, 137.48154
35.04962, 137.48145
35.04951, 137.48136
35.04945, 137.48128
35.04938, 137.48116
35.04927, 137.48104
35.04902, 137.4809
35.04871, 137.48077
35.04858, 137.48074
35.04856, 137.48073
35.04855, 137.48072
35.04853, 137.48072
35.0485, 137.48069
35.04847, 137.48067
35.04845, 137.48064
35.04836, 137.48045
35.04831, 137.4804
35.04823, 137.48038
35.04817, 137.48038
35.04811, 137.48041
35.04809, 137.48043
35.04803, 137.48052
35.048, 137.48062
35.048, 137.48063
35.04799, 137.48067
35.04799, 137.48072
35.04801, 137.48084
35.04802, 137.48087
35.04813, 137.48106
35.04819, 137.48113
35.04829, 137.48132
35.04829, 137.48133
35.04835, 137.4815
35.04846, 137.4817
35.04858, 137.48187
35.04859, 137.48189
35.04865, 137.48197
35.0487, 137.48202
35.04877, 137.48211
35.04882, 137.48222
35.04894, 137.48259
35.04896, 137.48268
35.049, 137.48276
35.04901, 137.48277
35.04904, 137.48283
35.04909, 137.48288
35.04916, 137.48299
35.04919, 137.48305
35.0492, 137.48309
35.0492, 137.48315
35.04918, 137.48324
35.04908, 137.48355
35.04905, 137.48362
35.04894, 137.48397
35.04891, 137.48403
35.04887, 137.48409
35.04877, 137.4842
35.04872, 137.48423
35.04866, 137.48425
35.04864, 137.48425
35.04861, 137.48426
35.04848, 137.48426
35.04809, 137.48422
35.04803, 137.48422
35.04795, 137.48424
35.04795, 137.48425
35.04791, 137.48427
35.04779, 137.4844
35.04773, 137.48444
35.04768, 137.48445
35.04767, 137.48446
35.04752, 137.48446
35.04749, 137.48445
35.04737, 137.48443
35.04729, 137.48443
35.0471, 137.48448
35.04706, 137.4845
35.04703, 137.48451
35.04699, 137.48451
35.04697, 137.4845
35.04696, 137.4845
35.04684, 137.48439
35.04677, 137.48429
35.04673, 137.48425
35.04671, 137.4842
35.04668, 137.48416
35.04668, 137.48415
35.04665, 137.48403
35.04664, 137.48395
35.04664, 137.48391
35.04665, 137.48386
35.04665, 137.48382
35.04666, 137.48381
35.04672, 137.48362
35.04673, 137.48356
35.04673, 137.48353
35.04672, 137.4835
35.04671, 137.48341
35.04654, 137.48291
35.0465, 137.48285
35.04641, 137.48276
35.04627, 137.48267
35.04626, 137.48266
35.04624, 137.48265
35.04615, 137.48255
35.04613, 137.48252
35.04613, 137.48251
35.04606, 137.48237
35.04598, 137.48203
35.04601, 137.48161
35.04602, 137.48158
35.04604, 137.48139
35.04603, 137.48132
35.04603, 137.48127
35.046, 137.48118
35.046, 137.48117
35.04594, 137.48107
35.04588, 137.48101
35.04586, 137.48101
35.04552, 137.48087
35.04534, 137.48085
35.04526, 137.48083
35.04502, 137.48079
35.04491, 137.48076
35.04488, 137.48074
35.0448, 137.48066
35.04475, 137.48057
35.04469, 137.48042
35.04466, 137.48024
35.04465, 137.48007
35.04466, 137.47999
35.04466, 137.47972
35.0447, 137.47956
35.04472, 137.47951
35.04481, 137.47938
35.04486, 137.47929
35.04521, 137.47896
35.04521, 137.47895
35.04533, 137.47876
35.04537, 137.47859
35.04541, 137.47848
35.04547, 137.47823
35.04548, 137.47814
35.04546, 137.47797
35.04546, 137.47793
35.04545, 137.47792
35.04545, 137.47789
35.04542, 137.47781
35.0454, 137.47778
35.04532, 137.4777
35.04528, 137.47768
35.04525, 137.47767
35.04524, 137.47766
35.04518, 137.47764
35.04514, 137.47761
35.0451, 137.47757
35.04503, 137.47746
35.04497, 137.47733
35.04497, 137.47731
35.04481, 137.47688
35.04471, 137.47675
35.04468, 137.47673
35.0446, 137.47669
35.04442, 137.47669
35.04427, 137.47664
35.04416, 137.47656
35.04407, 137.47647
35.04405, 137.47642
35.04404, 137.47641
35.04395, 137.47609
35.04394, 137.47608
35.04392, 137.47607
35.0439, 137.47605
35.04386, 137.47605
35.04382, 137.47607
35.0438, 137.47609
35.04376, 137.47616
35.04372, 137.47629
35.04372, 137.47636
35.04371, 137.47638
35.0437, 137.47645
35.04368, 137.47649
35.04367, 137.47652
35.04365, 137.47654
35.04352, 137.47661
35.04341, 137.47664
35.04338, 137.47663
35.04336, 137.47663
35.04331, 137.47661
35.04328, 137.47659
35.04325, 137.47656
35.04319, 137.47646
35.04315, 137.47633
35.04315, 137.47631
35.04312, 137.47619
35.04311, 137.4761
35.04303, 137.47576
35.043, 137.47569
35.04294, 137.47561
35.04288, 137.47557
35.04286, 137.47555
35.04285, 137.47555
35.04272, 137.47552
35.04268, 137.47552
35.04265, 137.47551
35.04263, 137.47551
35.04255, 137.47548
35.04252, 137.47546
35.04247, 137.47544
35.04236, 137.4753
35.04218, 137.47499
35.04213, 137.47486
35.0421, 137.4748
35.0421, 137.47479
35.04202, 137.47448
35.04201, 137.47438
35.04201, 137.47415
35.04198, 137.47387
35.04194, 137.47373
35.04189, 137.47363
35.04178, 137.47352
35.04174, 137.47349
35.04167, 137.47345
35.04164, 137.47344
35.04158, 137.47341
35.04142, 137.47337
35.04133, 137.47336
35.0412, 137.47336
35.04106, 137.47338
35.04105, 137.47339
35.04089, 137.47343
35.04086, 137.47343
35.0408, 137.47344
35.0406, 137.47344
35.04053, 137.47343
35.04036, 137.47339
35.04023, 137.47333
35.04019, 137.4733
35.04009, 137.47324
35.04001, 137.47318
35.03995, 137.47312
35.03986, 137.47305
35.03959, 137.47279
35.0395, 137.47272
35.03938, 137.47259
35.03926, 137.47241
35.03917, 137.47222
35.03912, 137.47201
35.03912, 137.47195
35.03911, 137.47191
35.03911, 137.47177
35.03913, 137.47165
35.03922, 137.47138
35.03927, 137.47127
35.03933, 137.47118
35.03942, 137.47102
35.03946, 137.47093
35.03948, 137.4709
35.03954, 137.47075
35.03957, 137.47053
35.03957, 137.47041
35.03956, 137.47039
35.03956, 137.47032
35.03954, 137.4702
35.03953, 137.47019
35.03953, 137.47015
35.03943, 137.46984
35.03942, 137.46979
35.03935, 137.46959
35.03929, 137.46937
35.03922, 137.46918
35.03922, 137.46917
35.03916, 137.46896
35.03912, 137.46886
35.03906, 137.46866
35.03905, 137.46864
35.03892, 137.46817
35.03892, 137.46815
35.0389, 137.46806
35.0389, 137.46794
35.03895, 137.46775
35.03901, 137.46765
35.03909, 137.46755
35.03912, 137.46754
35.03916, 137.46751
35.03924, 137.46747
35.03927, 137.46746
35.0394, 137.46746
35.03949, 137.46747
35.03956, 137.46746
35.03965, 137.46749
35.03976, 137.46751
35.03989, 137.46752
35.0401, 137.46751
35.04016, 137.46749
35.04023, 137.46744
35.04025, 137.4674
35.04031, 137.46731
35.04033, 137.46723
35.04033, 137.46707
35.0403, 137.46695
35.04023, 137.46682
35.04019, 137.46678
35.04014, 137.46675
35.04004, 137.46671
35.04002, 137.46671
35.03962, 137.46664
35.0393, 137.4666
35.03917, 137.46656
35.03909, 137.46652
35.03894, 137.46639
35.03891, 137.46635
35.03879, 137.46613
35.03871, 137.46589
35.0387, 137.46583
35.03868, 137.4658
35.03861, 137.46564
35.03857, 137.46557
35.03846, 137.46544
35.03837, 137.46537
35.038, 137.46503
35.03798, 137.46502
35.03794, 137.46499
35.03792, 137.46498
35.03776, 137.46484
35.03764, 137.46475
35.03715, 137.46433
35.03682, 137.4641
35.03664, 137.464
35.03657, 137.46397
35.03633, 137.46389
35.03624, 137.46387
35.03599, 137.46384
35.03573, 137.46384
35.03537, 137.46388
35.03526, 137.46388
35.03515, 137.4639
35.03496, 137.46392
35.0349, 137.46391
35.03468, 137.46392
35.03391, 137.46391
35.03379, 137.46389
35.03372, 137.46389
35.03353, 137.46387
35.03337, 137.46382
35.03331, 137.46381
35.0332, 137.46377
35.0325, 137.46345
35.03232, 137.46332
35.03197, 137.463
35.03195, 137.46297
35.03168, 137.46271
35.03167, 137.46269
35.03153, 137.46256
35.03153, 137.46255
35.03143, 137.46249
35.03134, 137.46245
35.03133, 137.46245
35.03122, 137.46242
35.03081, 137.46247
35.03059, 137.46246
35.03047, 137.46242
35.03029, 137.46229
35.03022, 137.46222
35.03018, 137.46215
35.0301, 137.46204
35.02979, 137.46151
35.02963, 137.46129
35.02945, 137.46111
35.02937, 137.46106
35.02932, 137.46102
35.02911, 137.46093
35.02896, 137.46089
35.02856, 137.46085
35.02843, 137.46085
35.0284, 137.46084
35.02752, 137.46077
35.02746, 137.46075
35.02743, 137.46075
35.02734, 137.46073
35.02718, 137.46068
35.02701, 137.46057
35.02697, 137.46052
35.02689, 137.46038
35.02688, 137.46032
35.02688, 137.46016
35.02687, 137.46012
35.0269, 137.45963
35.02692, 137.45953
35.02697, 137.4594
35.02698, 137.45939
35.027, 137.45934
35.02708, 137.45922
35.02709, 137.45922
35.02721, 137.45906
35.02721, 137.45905
35.02733, 137.45889
35.02733, 137.45888
35.02746, 137.45872
35.02769, 137.4583
35.02794, 137.45789
35.02798, 137.45784
35.02832, 137.45726
35.02836, 137.45715
35.02839, 137.45694
35.02839, 137.45691
35.0284, 137.45685
35.0284, 137.45662
35.02839, 137.45659
35.02839, 137.45657
35.02837, 137.45655
35.02836, 137.45651
35.02832, 137.45644
35.02813, 137.45618
35.0281, 137.45615
35.02804, 137.45605
35.02799, 137.456
35.02794, 137.45596
35.02785, 137.45591
35.02784, 137.4559
35.02773, 137.45586
35.02765, 137.45584
35.02649, 137.45571
35.02612, 137.45565
35.02607, 137.45563
35.02589, 137.45559
35.02586, 137.45559
35.02572, 137.45555
35.02538, 137.45554
35.0253, 137.45555
35.02509, 137.45548
35.02506, 137.45546
35.02497, 137.45543
35.02474, 137.45533
35.02472, 137.45533
35.02374, 137.45493
35.02367, 137.45489
35.02362, 137.45487
35.02339, 137.45472
35.02287, 137.45431
35.02285, 137.45429
35.02255, 137.45406
35.02253, 137.45405
35.02206, 137.45367
35.022, 137.45363
35.02135, 137.45312
35.02131, 137.45308
35.02097, 137.45282
35.02087, 137.45273
35.02082, 137.4527
35.02073, 137.45263
35.02049, 137.45239
35.02036, 137.45224
35.01978, 137.45142
35.01975, 137.45136
35.01955, 137.45109
35.01938, 137.45083
35.01935, 137.4508
35.01929, 137.45071
35.01927, 137.45069
35.01926, 137.45067
35.0192, 137.45061
35.01918, 137.45058
35.01906, 137.45045
35.01904, 137.45044
35.01901, 137.45041
35.01898, 137.45039
35.01888, 137.45029
35.01882, 137.45025
35.01873, 137.45016
35.0187, 137.45014
35.01855, 137.45001
35.01852, 137.44999
35.0172, 137.44885
35.01718, 137.44884
35.01686, 137.44856
35.01658, 137.44836
35.01597, 137.44806
35.01597, 137.44805
35.01576, 137.44795
35.01556, 137.44783
35.01538, 137.44769
35.01533, 137.44763
35.01526, 137.44757
35.01521, 137.44751
35.01432, 137.44617
35.01421, 137.44598
35.01418, 137.44591
35.01415, 137.44587
35.01407, 137.44567
35.01401, 137.4454
35.014, 137.4453
35.014, 137.44521
35.01399, 137.44512
35.01398, 137.44481
35.01396, 137.44458
35.01396, 137.4445
35.01393, 137.44426
35.0139, 137.44412
35.0139, 137.44406
35.01356, 137.44218
35.01355, 137.44209
35.01349, 137.44178
35.01349, 137.44175
35.01343, 137.44149
35.01335, 137.44123
35.01328, 137.44105
35.01313, 137.44079
35.01312, 137.44078
35.01301, 137.44061
35.01287, 137.44045
35.01271, 137.44029
35.01258, 137.44018
35.01248, 137.44011
35.01227, 137.43999
35.01211, 137.43992
35.01208, 137.4399
35.01168, 137.43976
35.0115, 137.43967
35.01128, 137.4395
35.01113, 137.43936
35.011, 137.43921
35.01099, 137.43921
35.01012, 137.43827
35.01011, 137.43827
35.01, 137.43817
35.00993, 137.43813
35.00992, 137.43812
35.00984, 137.43808
35.00965, 137.43804
35.00949, 137.43806
35.00925, 137.43813
35.00905, 137.43821
35.00895, 137.43826
35.0089, 137.4383
35.00886, 137.43832
35.00876, 137.4384
35.00865, 137.43851
35.00865, 137.43852
35.00855, 137.43865
35.00836, 137.43897
35.00836, 137.43898
35.00818, 137.43926
35.008, 137.43947
35.00788, 137.43957
35.00772, 137.43968
35.00769, 137.43969
35.00754, 137.43977
35.00726, 137.43984
35.00707, 137.43986
35.00595, 137.43989
35.00587, 137.4399
35.00567, 137.43989
35.00563, 137.43988
35.00562, 137.43988
35.00556, 137.43986
35.00551, 137.43985
35.00538, 137.43979
35.00523, 137.43969
35.00516, 137.43963
35.00506, 137.43956
35.00481, 137.43934
35.00472, 137.43924
35.00348, 137.43803
35.00345, 137.43799
35.00303, 137.43759
35.00173, 137.4366
35.0013, 137.43631
35.00127, 137.4363
35.001, 137.43615
35.00098, 137.43613
35.00062, 137.43591
35.00069, 137.43577
35.00084, 137.43539
35.00097, 137.43484
35.001, 137.43464
35.00132, 137.43317
35.00132, 137.43316
35.00163, 137.43173
35.00167, 137.43133
35.00167, 137.43104
35.00138, 137.42667
35.00129, 137.42608
35.00117, 137.42567
35.00101, 137.4253
35.00076, 137.42485
34.99908, 137.42234
34.99896, 137.42213
34.99882, 137.42182
34.9988, 137.42179
34.99873, 137.42159
34.99872, 137.42159
34.9982, 137.42008
34.99812, 137.41966
34.99811, 137.41956
34.99811, 137.4192
34.99814, 137.41888
34.99852, 137.41643
34.99854, 137.41598
34.99849, 137.41557
34.99844, 137.41538
34.99844, 137.41536
34.99838, 137.4152
34.99782, 137.41406
34.99771, 137.41378
34.99767, 137.41353
34.99767, 137.41336
34.99771, 137.41307
34.99817, 137.41131
34.99818, 137.41124
34.9982, 137.41118
34.9982, 137.41115
34.99822, 137.41107
34.99823, 137.411
34.99823, 137.41095
34.99825, 137.41085
34.99825, 137.41081
34.99826, 137.41073
34.99826, 137.41061
34.99827, 137.41059
34.99827, 137.41033
34.99826, 137.41025
34.99825, 137.41002
34.99785, 137.40763
34.9977, 137.40707
34.99749, 137.40653
34.9973, 137.40613
34.99718, 137.40591
34.99689, 137.40546
34.99685, 137.40541
34.99544, 137.40333
34.9954, 137.40328
34.99538, 137.40324
34.99528, 137.40311
34.99505, 137.40271
34.99486, 137.40232
34.99481, 137.40215
34.99479, 137.4021
34.99465, 137.40163
34.99464, 137.40154
34.99446, 137.40074
34.99433, 137.40027
34.99411, 137.39965
34.99229, 137.39552
34.99227, 137.39545
34.99226, 137.39545
34.9922, 137.39525
34.99216, 137.39504
34.99213, 137.39466
34.99215, 137.39349
34.99214, 137.39327
34.99213, 137.39322
34.99212, 137.39305
34.99202, 137.3926
34.99171, 137.39169
34.99168, 137.39162
34.99168, 137.39161
34.9916, 137.39141
34.9916, 137.39139
34.99154, 137.39121
34.9915, 137.39112
34.99145, 137.39092
34.99141, 137.3908
34.99141, 137.39077
34.99137, 137.39061
34.99137, 137.39059
34.99132, 137.39033
34.99108, 137.3882
34.99105, 137.38806
34.99089, 137.38759
34.99088, 137.38758
34.99073, 137.3872
34.99073, 137.38719
34.99067, 137.38699
34.99063, 137.38666
34.99063, 137.38643
34.99069, 137.38569
34.99071, 137.38559
34.99077, 137.38498
34.99083, 137.38474
34.99089, 137.3846
34.99093, 137.38453
34.99099, 137.38446
34.99101, 137.38443
34.99115, 137.38428
34.99117, 137.38425
34.99145, 137.38402
34.99227, 137.38326
34.99251, 137.38307
34.99264, 137.38295
34.99279, 137.38283
34.99299, 137.38264